701,175,195
702,413,421
703,557,588
704,41,47
705,483,491
706,680,681
707,570,579
708,271,297
709,214,216
710,248,249
711,355,388
712,502,506
713,230,298
714,313,347
715,703,511
716,70,81
717,140,165
718,359,367
719,485,490
720,712,521
721,541,554
722,16,46
723,424,488
724,316,382
725,122,133
726,351,395
727,515,569
728,358,400
729,705,417
730,518,578
731,307,364
732,437,492
733,453,489
734,15,65
735,160,191
736,544,594
737,423,479
738,292,296
739,484,498
740,28,29
741,505,558
742,522,582
743,431,496
744,639,665
745,716,12
746,115,192
747,401,446
748,219,268
749,603,700
750,164,186
751,213,295
752,566,574
753,683,684
754,326,383
755,11,66
756,56,61
757,261,279
758,31,79
759,111,179
760,139,149
761,732,464
762,562,580
763,509,593
764,475,493
765,120,152
766,622,637
767,704,8
768,503,589
769,708,284
770,616,688
771,701,106
772,731,724
773,372,381
774,517,586
775,37,48
776,714,353
777,207,265
778,730,715
779,546,600
780,18,36
781,23,98
782,555,591
783,720,532
784,605,673
785,748,299
786,719,481
787,628,690
788,709,253
789,609,697
790,416,420
791,62,74
792,5,33
793,641,657
794,608,615
795,745,3
796,735,725
797,113,176
798,349,393
799,227,294
800,434,470
801,342,398
802,644,664
803,757,254
804,228,235
805,728,391
806,473,494
807,786,459
808,270,291
809,766,663
810,650,682
811,13,34
812,563,572
813,542,552
814,759,717
815,620,656
816,86,95
817,333,387
818,245,280
819,618,619
820,809,667
821,783,514
822,788,211
823,691,694
824,43,84
825,795,57
826,189,193
827,250,266
828,778,537
829,217,260
830,567,576
831,722,58
832,807,404
833,737,462
834,777,710
835,780,35
836,134,144
837,309,361
838,320,376
839,527,547
840,630,633
841,405,438
842,529,573
843,119,130
844,811,63
845,617,672
846,625,689
847,269,287
848,753,696
849,463,468
850,772,754
851,765,178
852,659,671
853,303,308
854,173,185
855,432,435
856,315,340
857,126,183
858,776,374
859,739,442
860,740,53
861,233,278
862,729,467
863,429,447
864,796,181
865,613,670
866,789,674
867,784,634
868,770,749
869,162,184
870,516,592
871,839,742
872,67,82
873,304,394
874,262,289
875,118,141
876,828,599
877,803,285
878,612,695
879,151,172
880,128,188
881,182,200
882,146,168
883,662,668
884,718,311
885,779,707
886,91,99
887,755,50
888,726,305
889,408,409
890,450,482
891,1,14
892,338,354
893,223,240
894,528,553
895,306,312
896,738,229
897,814,101
898,884,348
899,507,533
900,251,283
901,117,166
902,790,733
903,844,756
904,241,243
905,163,171
906,810,640
907,861,286
908,723,444
909,643,653
910,882,124
911,559,583
912,834,769
913,850,801
914,242,257
915,799,282
916,900,275
917,800,743
918,822,274
919,793,677
920,862,469
921,325,341
922,406,414
923,403,426
924,805,377
925,820,632
926,52,97
927,744,602
928,412,439
929,879,112
930,631,666
931,782,571
932,836,137
933,855,422
934,538,596
935,138,157
936,105,198
937,802,679
938,920,478
939,771,135
940,19,71
941,819,648
942,797,109
943,103,161
944,840,655
945,645,649
946,851,158
947,781,72
948,378,386
949,825,9
950,610,638
951,601,642
952,321,323
953,623,654
954,550,565
955,384,385
956,889,841
957,806,427
958,924,711
959,319,362
960,763,727
961,449,454
962,501,519
963,832,761
964,896,829
965,870,581
966,813,736
967,868,794
968,425,428
969,911,520
970,864,132
971,949,17
972,816,88
973,830,584
974,858,352
975,837,337
976,328,336
977,925,706
978,852,624
979,921,798
980,410,443
981,915,751
982,456,495
983,22,27
984,821,721
985,946,746
986,548,564
987,440,499
988,897,102
989,201,212
990,10,26
991,760,196
992,604,676
993,908,859
994,636,699
995,758,30
996,448,480
997,854,155
998,621,687
999,835,40
1000,951,675
1001,318,331
1002,962,531
1003,947,872
1004,808,256
1005,817,310
1006,49,51
1007,913,373
1008,902,472
1009,767,94
1010,143,145
1011,878,652
1012,804,203
1013,826,150
1014,302,380
1015,927,815
1016,330,392
1017,970,881
1018,989,877
1019,750,125
1020,455,476
1021,869,116
1022,741,534
1023,277,293
1024,1007,356
1025,886,38
1026,984,536
1027,169,180
1028,930,867
1029,346,397
1030,25,87
1031,857,174
1032,922,486
1033,849,487
1034,843,110
1035,978,909
1036,1004,247
1037,955,332
1038,1009,887
1039,202,221
1040,80,92
1041,231,300
1042,953,848
1043,774,549
1044,339,343
1045,918,912
1046,823,678
1047,917,764
1048,885,768
1049,827,205
1050,940,775
1051,334,370
1052,1022,876
1053,1008,963
1054,344,345
1055,999,90
1056,734,89
1057,847,232
1058,948,360
1059,967,686
1060,314,365
1061,222,224
1062,998,846
1063,932,114
1064,44,60
1065,1045,226
1066,903,21
1067,1039,204
1068,966,812
1069,1015,611
1070,121,190
1071,237,258
1072,991,905
1073,713,210
1074,54,78
1075,974,856
1076,873,366
1077,1017,942
1078,1011,647
1079,944,627
1080,510,568
1081,883,845
1082,206,259
1083,964,785
1084,892,350
1085,1024,301
1086,436,445
1087,215,272
1088,1026,504
1089,239,263
1090,982,477
1091,1050,860
1092,187,199
1093,990,831
1094,980,460
1095,893,238
1096,209,220
1097,969,960
1098,402,466
1099,972,891
1100,938,441
1101,981,267
1102,973,508
1103,1077,153
1104,1003,20
1105,971,69
1106,357,399
1107,985,939
1108,1082,225
1109,1048,965
1110,1075,898
1111,995,824
1112,1041,252
1113,996,928
1114,747,433
1115,1043,934
1116,762,597
1117,1076,1054
1118,1010,108
1119,914,818
1120,1079,1069
1121,1056,983
1122,943,194
1123,1088,540
1124,457,500
1125,156,167
1126,1033,1032
1127,1058,959
1128,1005,979
1129,871,545
1130,899,842
1131,895,389
1132,906,646
1133,994,919
1134,888,838
1135,977,945
1136,1053,833
1137,147,148
1138,1014,975
1139,702,461
1140,988,910
1141,937,661
1142,1085,368
1143,1103,929
1144,1140,1019
1145,561,575
1146,1120,1042
1147,1025,2
1148,1027,154
1149,865,692
1150,1028,992
1151,1101,236
1152,1002,894
1153,1083,1065
1154,1093,1055
1155,957,956
1156,1040,7
1157,1052,752
1158,916,907
1159,1110,773
1160,926,4
1161,993,863
1162,931,513
1163,1138,1029
1164,923,451
1165,933,415
1166,1046,629
1167,987,419
1168,961,890
1169,1037,976
1170,1121,1099
1171,1095,1049
1172,1135,1059
1173,1020,474
1174,1123,1102
1175,1150,685
1176,1104,1066
1177,1125,123
1178,1034,997
1179,1162,954
1180,935,170
1181,1157,585
1182,1018,1012
1183,1167,1047
1184,1143,159
1185,68,96
1186,1142,958
1187,1186,1128
1188,1130,525
1189,1090,458
1190,1038,64
1191,1161,1136
1192,1000,660
1193,1068,524
1194,880,129
1195,1171,255
1196,1111,1105
1197,335,390
1198,1057,874
1199,1146,1132
1200,1115,535
1201,1107,875
1202,1193,1152
1203,1153,1061
1204,950,651
1205,1016,317
1206,1181,1129
1207,1044,371
1208,866,787
1209,1189,411
1210,792,100
1211,1100,497
1212,1159,1134
1213,1194,936
1214,530,543
1215,1172,1035
1216,1174,1116
1217,952,853
1218,1176,32
1219,1078,1062
1220,556,587
1221,1203,1119
1222,1072,1031
1223,1070,901
1224,1091,42
1225,1080,577
1226,607,669
1227,142,177
1228,1060,369
1229,1158,1073
1230,1165,1124
1231,1087,264
1232,1164,465
1233,1139,968
1234,1155,1113
1235,1191,1086
1236,1218,1196
1237,1108,246
1238,1127,1001
1239,1222,1144
1240,1089,276
1241,1216,1097
1242,1201,1184
1243,1212,1187
1244,1204,1192
1245,1206,1109
1246,1177,131
1247,1235,1211
1248,1223,197
1249,1183,1126
1250,1170,83
1251,904,288
1252,626,635
1253,1198,1151
1254,107,127
1255,1221,1182
1256,1224,1154
1257,1178,1021
1258,1141,1133
1259,1173,407
1260,1131,379
1261,1215,1081
1262,1241,1202
1263,1213,1118
1264,1179,523
1265,1243,1117
1266,1197,1051
1267,1236,1190
1268,1168,1114
1269,1030,791
1270,1230,1094
1271,281,290
1272,1246,1013
1273,1166,698
1274,1267,1250
1275,1225,551
1276,1255,1253
1277,1219,1175
1278,1242,1239
1279,1262,1245
1280,1210,93
1281,1273,1261
1282,1271,1036
1283,1137,1063
1284,1160,1074
1285,1237,1112
1286,1265,1169
1287,1263,1092
1288,1268,1247
1289,1188,986
1290,1274,1256
1291,1229,1067
1292,1277,1244
1293,1234,418
1294,218,273
1295,1209,452
1296,1205,329
1297,1279,1200
1298,1281,1199
1299,1272,1148
1300,1147,24
1301,1278,1257
1302,1064,73
1303,1098,430
1304,1292,941
1305,1293,471
1306,1286,1163
1307,1149,693
1308,1276,1071
1309,1275,512
1310,1282,244
1311,1301,1180
1312,1297,1264
1313,1288,1249
1314,1214,590
1315,1207,322
1316,1308,1096
1317,1306,1217
1318,1248,1122
1319,1240,1231
1320,1313,1232
1321,1304,1298
1322,1316,1291
1323,1305,1233
1324,539,560
1325,1322,1195
1326,1317,1238
1327,1283,1254
1328,1290,1280
1329,1327,1311
1330,1323,1320
1331,1312,1289
1332,1266,1228
1333,1328,1269
1334,1315,1260
1335,1321,1258
1336,606,658
1337,1284,1156
1338,1300,6
1339,1330,1259
1340,1294,208
1341,1332,1326
1342,1314,1220
1343,1339,1270
1344,1329,1287
1345,1333,76
1346,1335,1307
1347,1106,363
1348,1325,1251
1349,1345,1338
1350,1331,1145
1351,324,375
1352,1344,1299
1353,1349,59
1354,1343,1295
1355,1350,1309
1356,1346,1208
1357,1352,1318
1358,1302,39
1359,1348,1319
1360,1341,1296
1361,77,85
1362,1337,1006
1363,1285,1023
1364,1360,1334
1365,1357,1227
1366,1359,1310
1367,1364,1084
1368,1366,1363
1369,1362,1353
1370,1367,1351
1371,1369,75
1372,1355,598
1373,1356,1336
1374,1370,1347
1375,1371,1358
1376,1368,1340
1377,1375,45
1378,1372,1342
1379,1373,1226
1380,1354,1303
1381,1377,1185
1382,1378,1324
1383,1381,1361
1384,1379,1252
1385,1382,595
1386,1374,396
1387,1384,614
1388,1376,234
1389,1386,327
1390,1385,526
1391,1365,136
1392,1383,55
1393,1391,104
1394,1389,1388
1395,1393,1387
1396,1392,1380
1397,1395,1394
