701,511,557
702,413,421
703,506,521
704,570,579
705,703,502
706,701,588
707,372,381
708,133,179
709,541,554
710,483,491
711,152,178
712,683,684
713,326,383
714,431,496
715,404,423
716,620,656
717,228,235
718,313,351
719,481,490
720,70,81
721,347,374
722,562,580
723,424,488
724,254,261
725,358,400
726,618,619
727,514,532
728,292,296
729,207,265
730,305,395
731,16,46
732,122,191
733,509,593
734,719,459
735,453,485
736,518,537
737,622,667
738,28,53
739,616,688
740,118,141
741,310,376
742,633,665
743,41,47
744,417,467
745,405,438
746,217,299
747,35,36
748,342,364
749,534,582
750,146,168
751,225,278
752,644,664
753,705,515
754,91,99
755,450,482
756,713,316
757,12,57
758,475,500
759,143,164
760,111,126
761,605,673
762,388,391
763,473,494
764,414,468
765,23,67
766,744,478
767,222,249
768,505,558
769,309,361
770,727,522
771,153,160
772,262,289
773,456,479
774,747,13
775,212,229
776,721,353
777,233,286
778,18,90
779,34,63
780,119,130
781,422,432
782,624,653
783,615,630
784,219,227
785,86,95
786,139,149
787,328,336
788,738,29
789,147,171
790,529,569
791,609,674
792,437,492
793,752,679
794,771,176
795,30,31
796,602,639
797,410,498
798,304,398
799,706,704
800,311,386
801,242,274
802,284,297
803,275,283
804,173,185
805,325,349
806,120,189
807,708,182
808,408,409
809,670,687
810,725,341
811,403,463
812,520,583
813,756,373
814,714,470
815,629,632
816,531,596
817,416,489
818,181,192
819,163,165
820,753,600
821,623,671
822,11,48
823,501,519
824,645,649
825,634,642
826,724,285
827,574,599
828,315,340
829,691,694
830,448,480
831,720,17
832,734,715
833,401,449
834,138,157
835,765,98
836,718,394
837,236,294
838,420,472
839,22,27
840,601,675
841,61,79
842,256,291
843,547,565
844,269,287
845,359,382
846,628,690
847,631,663
848,603,637
849,786,103
850,797,723
851,302,378
852,134,137
853,612,695
854,1,9
855,610,686
856,516,581
857,106,158
858,732,109
859,332,384
860,742,654
861,248,280
862,366,385
863,10,66
864,826,279
865,211,298
866,766,710
867,464,499
868,754,38
869,800,360
870,552,572
871,346,397
872,711,186
873,425,428
874,49,51
875,25,87
876,224,243
877,314,365
878,655,681
879,845,352
880,780,110
881,831,757
882,737,680
883,429,484
884,820,799
885,739,657
886,741,333
887,203,260
888,816,517
889,50,72
890,762,377
891,202,221
892,240,290
893,650,682
894,819,140
895,827,578
896,730,393
897,538,576
898,823,528
899,858,807
900,54,78
901,444,495
902,513,555
903,253,268
904,117,166
905,344,345
906,712,696
907,784,293
908,743,8
909,213,267
910,840,648
911,806,115
912,323,367
913,791,697
914,769,337
915,507,533
916,751,259
917,709,536
918,813,368
919,735,436
920,37,43
921,833,446
922,14,19
923,702,487
924,32,65
925,643,672
926,443,460
927,778,774
928,803,230
929,761,676
930,330,392
931,853,652
932,918,307
933,508,567
934,811,493
935,759,128
936,882,878
937,132,151
938,767,214
939,817,412
940,790,573
941,80,92
942,850,442
943,187,199
944,857,135
945,621,666
946,810,387
947,731,26
948,863,74
949,729,295
950,794,113
951,170,175
952,822,56
953,779,33
954,908,94
955,861,245
956,402,466
957,306,312
958,782,659
959,750,116
960,801,255
961,338,350
962,835,20
963,223,250
964,917,770
965,553,559
966,814,434
967,435,457
968,112,144
969,860,783
970,641,677
971,571,594
972,809,668
973,21,68
974,844,232
975,776,707
976,746,728
977,933,584
978,927,58
979,793,636
980,865,210
981,52,97
982,825,647
983,929,685
984,884,736
985,952,785
986,868,2
987,787,748
988,940,591
989,924,44
990,885,608
991,938,802
992,828,798
993,936,824
994,950,899
995,886,805
996,869,851
997,867,792
998,922,88
999,934,755
1000,923,486
1001,896,399
1002,916,206
1003,883,445
1004,898,544
1005,856,545
1006,209,257
1007,808,745
1008,760,174
1009,781,451
1010,308,335
1011,812,733
1012,901,838
1013,946,836
1014,455,476
1015,764,406
1016,190,197
1017,561,575
1018,978,841
1019,155,162
1020,912,348
1021,617,640
1022,722,597
1023,892,238
1024,258,271
1025,768,749
1026,910,847
1027,854,89
1028,962,40
1029,226,263
1030,921,447
1031,911,872
1032,775,247
1033,967,758
1034,740,124
1035,763,439
1036,949,864
1037,546,586
1038,1012,773
1039,334,356
1040,890,355
1041,914,871
1042,614,651
1043,915,843
1044,1028,881
1045,862,859
1046,1007,830
1047,320,375
1048,889,82
1049,990,829
1050,870,589
1051,102,107
1052,984,964
1053,846,638
1054,897,888
1055,937,818
1056,832,426
1057,928,251
1058,154,180
1059,920,69
1060,231,277
1061,548,564
1062,974,772
1063,997,440
1064,458,469
1065,947,5
1066,613,692
1067,796,716
1068,976,907
1069,985,953
1070,970,678
1071,839,75
1072,1056,919
1073,951,148
1074,4,84
1075,849,127
1076,968,172
1077,270,272
1078,894,129
1079,948,15
1080,993,821
1081,987,905
1082,105,198
1083,1049,604
1084,902,550
1085,943,125
1086,237,300
1087,893,606
1088,1013,995
1089,986,795
1090,999,866
1091,935,145
1092,963,252
1093,988,542
1094,301,303
1095,1027,998
1096,996,318
1097,577,592
1098,1026,660
1099,932,879
1100,969,611
1101,876,220
1102,895,512
1103,925,815
1104,789,101
1105,1024,955
1106,204,266
1107,1036,717
1108,904,121
1109,1029,887
1110,1060,777
1111,1106,216
1112,930,329
1113,1004,524
1114,960,215
1115,1031,944
1116,842,837
1117,983,855
1118,1009,462
1119,1015,966
1120,114,159
1121,1069,954
1122,788,3
1123,945,931
1124,979,699
1125,1020,321
1126,1043,971
1127,1078,959
1128,1075,994
1129,1088,1001
1130,1076,852
1131,848,627
1132,540,566
1133,1025,1005
1134,877,369
1135,1068,1062
1136,873,461
1137,1014,407
1138,1008,200
1139,1010,390
1140,1050,503
1141,834,177
1142,880,804
1143,510,585
1144,991,980
1145,1096,975
1146,1098,972
1147,957,389
1148,1022,527
1149,201,281
1150,1065,62
1151,418,497
1152,1039,992
1153,1079,1018
1154,1090,1072
1155,1054,965
1156,354,379
1157,982,625
1158,1059,875
1159,1063,419
1160,131,156
1161,1083,958
1162,956,474
1163,1135,1107
1164,1116,1032
1165,1011,568
1166,1138,167
1167,1035,427
1168,646,698
1169,1038,942
1170,1041,1040
1171,1153,1044
1172,1133,1052
1173,319,362
1174,530,543
1175,926,415
1176,205,208
1177,1091,194
1178,1144,891
1179,1136,939
1180,1167,1046
1181,1067,906
1182,607,669
1183,1165,977
1184,1030,433
1185,1171,1121
1186,1146,689
1187,441,471
1188,1125,1099
1189,343,371
1190,1115,1055
1191,1110,1002
1192,1170,1129
1193,1181,1100
1194,1053,913
1195,1037,549
1196,1095,1071
1197,108,196
1198,941,7
1199,93,100
1200,1159,1119
1201,1112,1094
1202,1184,1003
1203,1045,357
1204,1084,523
1205,1186,1157
1206,1082,136
1207,1128,1034
1208,1102,1093
1209,42,59
1210,1019,184
1211,1155,1140
1212,1164,1057
1213,1064,477
1214,1172,1097
1215,1131,1080
1216,1161,1070
1217,1118,1033
1218,1178,1101
1219,123,193
1220,981,874
1221,626,635
1222,1108,1016
1223,218,273
1224,64,76
1225,1092,909
1226,1210,1142
1227,1074,85
1228,1203,1145
1229,1149,1105
1230,1130,1120
1231,1103,700
1232,1207,1127
1233,1124,661
1234,1202,1154
1235,1214,1113
1236,1200,1000
1237,1225,1191
1238,1232,1190
1239,1123,726
1240,1183,1148
1241,1006,264
1242,1193,1021
1243,1150,973
1244,539,560
1245,1152,1081
1246,1185,1122
1247,1235,1126
1248,1089,6
1249,1192,1188
1250,1205,658
1251,60,73
1252,1141,1073
1253,241,244
1254,1104,142
1255,1189,339
1256,1166,195
1257,1234,1169
1258,1213,452
1259,1109,903
1260,1218,1163
1261,1111,282
1262,1177,1085
1263,1231,662
1264,1114,1023
1265,1216,1117
1266,1228,1173
1267,1249,1245
1268,1250,1239
1269,1247,1240
1270,1204,1195
1271,1139,1047
1272,1246,1158
1273,1269,1211
1274,1265,1215
1275,1208,556
1276,324,331
1277,504,535
1278,1151,1137
1279,590,598
1280,1243,989
1281,1242,1087
1282,1217,1175
1283,1197,1058
1284,1224,1048
1285,1257,1236
1286,1272,1248
1287,1238,1226
1288,1267,1266
1289,1278,1180
1290,1199,83
1291,1222,150
1292,1260,1259
1293,1283,169
1294,1264,1077
1295,1275,1273
1296,1254,1051
1297,1274,1268
1298,1286,71
1299,1219,183
1300,1147,1134
1301,1298,1196
1302,1212,239
1303,1302,1292
1304,1289,1285
1305,1287,1252
1306,363,380
1307,1304,1179
1308,1276,317
1309,1220,900
1310,1301,1280
1311,1255,322
1312,1132,525
1313,1297,1281
1314,1233,693
1315,1305,1262
1316,1288,1201
1317,1241,1229
1318,1313,1263
1319,1295,1270
1320,1316,1271
1321,1296,1230
1322,1310,1284
1323,1303,1237
1324,1307,1282
1325,1198,24
1326,1299,1160
1327,1321,1315
1328,1314,1042
1329,1320,1300
1330,1293,188
1331,1309,1227
1332,1323,1294
1333,1318,1194
1334,1319,1277
1335,1291,1206
1336,1322,1209
1337,1326,1256
1338,1336,1290
1339,1312,1061
1340,1333,1168
1341,1334,1017
1342,1311,327
1343,234,276
1344,1324,1162
1345,1332,1317
1346,1253,288
1347,1340,1328
1348,1347,1066
1349,1329,1308
1350,1251,39
1351,1244,1174
1352,1330,1327
1353,1341,1279
1354,1338,45
1355,1354,1331
1356,370,396
1357,1345,1176
1358,1352,1335
1359,1353,1339
1360,1357,1086
1361,1358,1337
1362,1360,1261
1363,1156,961
1364,1363,1349
1365,1344,1258
1366,1355,1325
1367,1365,411
1368,1359,1143
1369,1364,1306
1370,1367,1187
1371,1369,1342
1372,1362,1223
1373,1372,1346
1374,1350,96
1375,1368,563
1376,1370,465
1377,1376,454
1378,1348,1182
1379,1374,1366
1380,1375,1351
1381,1378,1221
1382,1361,161
1383,1373,246
1384,1380,526
1385,1383,1343
1386,1384,551
1387,1386,587
1388,1371,1356
1389,1379,77
1390,1387,595
1391,1389,55
1392,1377,430
1393,1382,104
1394,1388,1385
1395,1392,1391
1396,1393,1381
1397,1395,1390
