301,154,182
302,6,8
303,191,195
304,207,284
305,132,174
306,111,127
307,302,20
308,128,144
309,59,93
310,303,152
311,26,91
312,265,299
313,205,275
314,219,293
315,264,276
316,240,252
317,230,267
318,307,81
319,46,84
320,308,183
321,121,153
322,165,167
323,201,268
324,35,40
325,49,62
326,221,251
327,39,99
328,28,43
329,119,166
330,213,228
331,283,294
332,115,117
333,19,76
334,314,295
335,239,298
336,210,263
337,190,196
338,11,89
339,250,256
340,233,247
341,36,90
342,318,13
343,155,158
344,208,271
345,313,212
346,304,278
347,56,83
348,326,289
349,29,63
350,216,255
351,24,54
352,176,197
353,122,171
354,309,42
355,169,186
356,225,297
357,310,103
358,51,95
359,172,189
360,321,306
361,106,177
362,60,87
363,331,204
364,150,170
365,238,262
366,72,85
367,234,258
368,7,47
369,16,67
370,257,260
371,351,64
372,341,30
373,134,162
374,231,254
375,322,185
376,334,286
377,105,146
378,209,242
379,369,342
380,222,249
381,5,82
382,328,44
383,345,281
384,178,193
385,266,273
386,226,285
387,31,52
388,217,220
389,330,317
390,354,86
391,320,109
392,350,323
393,179,180
394,214,218
395,356,346
396,120,168
397,319,79
398,335,316
399,301,135
400,364,357
401,361,104
402,368,78
403,352,113
404,338,74
405,315,274
406,21,34
407,305,131
408,123,137
409,126,149
410,2,25
411,391,124
412,366,349
413,383,312
414,375,373
415,223,237
416,359,329
417,365,229
418,17,33
419,381,73
420,363,236
421,392,241
422,406,9
423,376,336
424,390,23
425,58,68
426,279,282
427,385,224
428,370,272
429,378,206
430,66,71
431,50,94
432,101,157
433,332,187
434,400,181
435,269,287
436,353,337
437,374,248
438,397,372
439,333,96
440,55,98
441,32,61
442,110,143
443,384,108
444,434,156
445,407,163
446,324,4
447,416,360
448,382,65
449,188,194
450,439,412
451,343,114
452,129,133
453,367,235
454,387,22
455,348,253
456,423,388
457,414,403
458,409,147
459,379,347
460,311,14
461,417,395
462,425,69
463,419,327
464,436,393
465,244,277
466,394,203
467,438,100
468,424,404
469,227,300
470,456,380
471,429,344
472,401,200
473,421,420
474,413,389
475,1,75
476,377,130
477,339,246
478,138,198
479,428,405
480,463,410
481,243,270
482,459,371
483,141,151
484,460,15
485,447,399
486,442,145
487,10,92
488,136,161
489,202,280
490,448,57
491,449,444
492,471,470
493,433,411
494,437,398
495,468,446
496,431,18
497,38,53
498,490,358
499,396,118
500,485,457
501,445,139
502,464,443
503,454,402
504,492,473
505,479,461
506,495,467
507,498,482
508,494,455
509,142,173
510,465,259
511,462,441
512,37,41
513,422,97
514,475,325
515,102,148
516,501,491
517,452,116
518,480,70
519,453,340
520,474,466
521,484,430
522,478,408
523,506,12
524,472,451
525,516,500
526,508,504
527,440,362
528,493,199
529,245,261
530,520,505
531,483,458
532,476,192
533,507,503
534,528,524
535,518,450
536,530,526
537,502,486
538,525,355
539,477,386
540,535,523
541,481,415
542,496,77
543,487,80
544,517,112
545,427,291
546,435,292
547,533,514
548,160,164
549,538,534
550,542,3
551,513,45
552,547,527
553,489,469
554,499,488
555,551,418
556,545,536
557,522,159
558,556,519
559,552,540
560,432,175
561,521,27
562,549,537
563,107,125
564,510,426
565,558,546
566,532,531
567,559,555
568,560,184
569,529,211
570,557,140
571,565,539
572,553,541
573,567,511
574,566,562
575,573,550
576,572,571
577,575,561
578,554,509
579,574,563
580,576,564
581,577,512
582,579,578
583,582,570
584,583,568
585,544,515
586,580,569
587,584,548
588,587,585
589,581,497
590,589,543
591,586,232
592,215,288
593,590,48
594,592,591
595,594,290
596,595,296
597,593,88
