501,113,153
502,309,312
503,351,366
504,422,493
505,207,295
506,228,278
507,220,268
508,201,230
509,333,359
510,7,73
511,5,70
512,237,255
513,119,129
514,269,272
515,417,454
516,461,466
517,74,86
518,505,229
519,410,500
520,321,354
521,101,195
522,112,138
523,267,291
524,217,280
525,126,142
526,25,35
527,21,65
528,465,482
529,406,498
530,346,355
531,27,64
532,502,385
533,156,197
534,260,281
535,137,175
536,338,400
537,146,150
538,381,397
539,420,433
540,30,82
541,131,165
542,164,167
543,445,460
544,148,184
545,221,244
546,302,319
547,210,299
548,63,66
549,215,294
550,176,178
551,405,489
552,511,71
553,314,390
554,349,391
555,206,231
556,438,455
557,122,196
558,414,459
559,239,287
560,518,222
561,136,183
562,16,23
563,118,147
564,248,297
565,430,481
566,329,399
567,463,478
568,327,369
569,537,115
570,515,435
571,450,473
572,42,99
573,140,192
574,323,388
575,368,394
576,446,464
577,326,331
578,506,245
579,536,350
580,180,185
581,310,335
582,527,69
583,252,258
584,32,33
585,568,313
586,169,190
587,531,526
588,345,383
589,440,458
590,330,384
591,523,208
592,213,279
593,409,424
594,48,76
595,491,492
596,2,67
597,532,344
598,4,92
599,554,320
600,306,393
601,28,91
602,53,59
603,80,89
604,594,39
605,46,61
606,243,264
607,596,11
608,543,519
609,285,296
610,578,559
611,530,377
612,509,347
613,151,171
614,29,52
615,579,340
616,504,494
617,211,240
618,250,273
619,202,224
620,533,145
621,105,168
622,311,363
623,475,477
624,434,456
625,562,517
626,174,189
627,586,521
628,501,158
629,271,289
630,563,159
631,57,87
632,402,428
633,437,469
634,219,259
635,538,396
636,595,529
637,575,334
638,462,486
639,371,392
640,614,84
641,13,85
642,15,56
643,443,474
644,411,442
645,522,103
646,256,288
647,589,416
648,591,512
649,613,535
650,553,380
651,583,261
652,634,246
653,610,254
654,570,449
655,593,447
656,508,507
657,628,143
658,547,524
659,587,572
660,403,419
661,520,316
662,649,124
663,336,386
664,203,286
665,636,453
666,348,387
667,627,121
668,626,111
669,525,163
670,561,127
671,120,155
672,238,284
673,605,72
674,560,534
675,552,60
676,585,315
677,542,179
678,564,233
679,88,94
680,582,100
681,339,358
682,128,200
683,675,14
684,584,78
685,592,262
686,270,282
687,571,567
688,510,20
689,556,418
690,223,226
691,513,109
692,514,253
693,598,540
694,653,212
695,83,90
696,304,395
697,644,479
698,625,98
699,549,249
700,472,499
701,216,236
702,429,476
703,661,325
704,668,107
705,580,139
706,577,308
707,569,108
708,444,496
709,603,47
710,372,375
711,691,161
712,635,574
713,617,234
714,629,277
715,633,616
716,144,198
717,604,17
718,615,382
719,611,337
720,700,432
721,621,141
722,601,22
723,632,495
724,694,656
725,643,436
726,114,182
727,545,263
728,307,378
729,431,468
730,642,50
731,624,451
732,674,283
733,10,37
734,550,191
735,152,193
736,670,620
737,703,612
738,597,322
739,654,490
740,19,96
741,683,607
742,130,173
743,693,659
744,54,68
745,160,177
746,680,9
747,623,471
748,425,439
749,648,235
750,555,241
751,723,539
752,157,162
753,548,8
754,732,609
755,588,364
756,3,81
757,678,619
758,677,667
759,715,576
760,698,51
761,744,673
762,705,662
763,721,166
764,544,172
765,565,457
766,652,618
767,566,357
768,719,370
769,209,274
770,600,317
771,647,413
772,710,599
773,665,441
774,754,651
775,718,637
776,746,6
777,676,303
778,650,581
779,622,503
780,352,376
781,646,214
782,697,638
783,688,43
784,765,739
785,573,199
786,747,516
787,608,558
788,760,709
789,707,657
790,686,664
791,756,45
792,695,34
793,106,117
794,724,685
795,401,452
796,699,265
797,729,448
798,590,374
799,692,218
800,731,655
801,630,557
802,743,717
803,789,736
804,528,485
805,755,666
806,758,102
807,787,687
808,771,487
809,641,38
810,738,712
811,750,727
812,318,398
813,745,671
814,778,706
815,679,36
816,328,361
817,752,123
818,757,227
819,762,645
820,669,181
821,777,353
822,763,704
823,725,702
824,631,26
825,741,740
826,733,31
827,696,343
828,779,681
829,467,497
830,775,767
831,804,551
832,805,373
833,602,93
834,749,292
835,776,722
836,640,24
837,802,792
838,783,730
839,682,132
840,332,341
841,748,427
842,204,242
843,811,701
844,788,753
845,786,773
846,711,125
847,793,104
848,784,782
849,44,55
850,841,408
851,799,658
852,225,298
853,714,713
854,342,365
855,672,290
856,818,266
857,41,75
858,856,774
859,772,737
860,820,134
861,639,546
862,790,766
863,796,794
864,807,759
865,815,761
866,830,821
867,836,18
868,853,251
869,606,276
870,859,356
871,858,851
872,77,95
873,785,734
874,819,803
875,800,689
876,837,825
877,848,823
878,660,484
879,876,838
880,808,708
881,58,79
882,814,810
883,751,423
884,844,835
885,873,806
886,861,770
887,305,379
888,874,822
889,827,360
890,232,275
891,863,855
892,791,684
893,832,663
894,833,824
895,870,768
896,828,816
897,735,135
898,864,797
899,871,834
900,817,541
901,884,879
902,888,813
903,862,843
904,875,720
905,852,257
906,860,110
907,882,866
908,883,845
909,842,293
910,898,877
911,897,764
912,839,116
913,899,891
914,470,480
915,801,188
916,904,421
917,901,865
918,885,154
919,62,97
920,900,149
921,907,893
922,895,780
923,896,798
924,913,903
925,917,809
926,902,847
927,925,892
928,781,769
929,926,716
930,910,831
931,880,850
932,924,868
933,918,915
934,921,889
935,908,878
936,886,362
937,930,916
938,922,728
939,857,40
940,933,929
941,937,931
942,938,934
943,927,1
944,906,726
945,941,935
946,905,690
947,795,412
948,944,940
949,923,840
950,909,300
951,932,928
952,133,186
953,829,415
954,942,936
955,912,846
956,894,872
957,954,949
958,887,301
959,943,867
960,959,919
961,948,920
962,951,946
963,960,826
964,961,911
965,939,881
966,869,205
967,964,955
968,952,742
969,963,956
970,854,812
971,962,247
972,947,945
973,958,957
974,971,950
975,914,426
976,972,404
977,324,389
978,976,953
979,966,890
980,969,849
981,979,974
982,980,965
983,968,194
984,982,12
985,983,967
986,973,970
987,986,367
988,984,49
989,978,975
990,989,407
991,987,977
992,990,483
993,985,187
994,992,488
995,993,170
996,995,981
997,991,988
