301,121,191
302,262,266
303,122,190
304,246,275
305,283,293
306,265,292
307,278,298
308,127,199
309,160,189
310,223,294
311,26,91
312,172,174
313,207,299
314,153,197
315,240,252
316,136,157
317,47,55
318,210,238
319,111,135
320,156,188
321,2,94
322,152,170
323,44,60
324,24,51
325,301,195
326,220,250
327,258,296
328,181,196
329,308,114
330,206,242
331,54,72
332,313,201
333,235,276
334,113,168
335,325,158
336,43,66
337,38,64
338,217,218
339,322,119
340,49,78
341,212,221
342,306,305
343,213,230
344,264,273
345,316,175
346,5,27
347,244,286
348,334,163
349,50,74
350,329,131
351,251,253
352,248,289
353,164,166
354,167,185
355,236,263
356,56,83
357,307,205
358,310,290
359,128,144
360,85,93
361,48,99
362,272,297
363,268,295
364,31,52
365,216,271
366,317,18
367,324,46
368,15,71
369,303,171
370,318,239
371,257,260
372,320,112
373,337,11
374,105,187
375,342,284
376,84,89
377,75,81
378,73,82
379,101,161
380,241,270
381,314,176
382,335,107
383,343,214
384,35,79
385,326,203
386,304,300
387,30,100
388,346,40
389,229,247
390,227,243
391,374,120
392,16,34
393,23,59
394,147,151
395,354,165
396,9,13
397,21,36
398,106,177
399,366,4
400,372,350
401,319,103
402,109,146
403,349,95
404,328,125
405,178,180
406,375,357
407,377,58
408,332,208
409,323,311
410,6,65
411,341,302
412,384,90
413,373,42
414,3,22
415,215,285
416,321,45
417,116,162
418,411,226
419,245,261
420,315,277
421,154,182
422,380,269
423,204,224
424,393,388
425,312,132
426,353,134
427,67,86
428,29,63
429,14,33
430,356,68
431,386,351
432,340,20
433,406,385
434,400,381
435,382,155
436,409,368
437,425,398
438,430,7
439,1,25
440,104,141
441,376,12
442,348,139
443,57,87
444,359,115
445,360,331
446,336,8
447,370,219
448,159,198
449,62,98
450,392,367
451,41,70
452,344,231
453,434,417
454,404,369
455,410,407
456,383,362
457,338,254
458,431,256
459,339,143
460,361,19
461,363,358
462,102,110
463,456,267
464,414,364
465,418,415
466,126,184
467,424,399
468,445,80
469,442,395
470,450,28
471,416,378
472,137,145
473,140,194
474,458,433
475,422,327
476,390,255
477,461,365
478,401,309
479,419,333
480,397,88
481,469,453
482,389,233
483,457,355
484,394,130
485,443,439
486,459,117
487,444,435
488,347,222
489,449,432
490,225,274
491,133,193
492,468,396
493,460,428
494,429,10
495,447,249
496,427,37
497,477,423
498,108,179
499,470,436
500,391,150
501,474,408
502,452,352
503,330,209
504,475,280
505,129,148
506,472,448
507,493,76
508,502,291
509,451,96
510,487,486
511,379,345
512,498,405
513,484,437
514,142,173
515,466,149
516,413,403
517,471,467
518,480,455
519,494,17
520,500,481
521,169,186
522,501,465
523,499,446
524,505,462
525,504,463
526,441,438
527,521,478
528,510,426
529,454,421
530,412,387
531,32,61
532,503,282
533,497,476
534,490,371
535,495,420
536,489,97
537,529,473
538,530,77
539,522,508
540,517,464
541,526,496
542,507,39
543,520,118
544,228,232
545,523,518
546,528,402
547,237,281
548,540,516
549,536,485
550,513,200
551,506,138
552,482,234
553,531,69
554,546,515
555,519,492
556,535,488
557,527,192
558,539,533
559,534,479
560,554,537
561,557,511
562,548,542
563,560,543
564,545,541
565,550,440
566,544,525
567,558,556
568,532,483
569,547,211
570,524,491
571,568,567
572,564,549
573,551,123
574,572,562
575,566,559
576,574,555
577,565,563
578,259,279
579,538,509
580,575,571
581,577,561
582,570,512
583,579,576
584,569,552
585,124,183
586,584,580
587,573,514
588,586,287
589,588,288
590,587,581
591,590,582
592,583,553
593,591,585
594,589,578
595,592,53
596,594,202
597,595,92
