301,79,90
302,163,190
303,212,275
304,152,191
305,31,52
306,28,43
307,128,144
308,132,174
309,113,176
310,278,293
311,153,192
312,26,91
313,6,8
314,107,195
315,240,252
316,264,276
317,205,251
318,154,182
319,4,42
320,111,135
321,265,299
322,308,177
323,120,168
324,307,183
325,313,20
326,207,284
327,127,167
328,59,93
329,134,166
330,56,64
331,208,210
332,314,304
333,118,165
334,201,268
335,237,294
336,204,283
337,46,84
338,310,272
339,115,117
340,47,55
341,57,73
342,235,242
343,129,148
344,49,62
345,81,88
346,312,15
347,214,297
348,213,230
349,320,186
350,137,171
351,266,273
352,23,86
353,216,224
354,303,281
355,122,180
356,119,189
357,25,54
358,60,87
359,72,85
360,329,185
361,35,40
362,41,70
363,29,63
364,335,223
365,11,89
366,39,99
367,121,172
368,233,247
369,336,287
370,326,226
371,360,162
372,13,44
373,236,244
374,114,188
375,19,76
376,348,267
377,7,95
378,333,194
379,334,295
380,221,258
381,372,325
382,1,75
383,203,261
384,105,146
385,218,263
386,155,158
387,232,241
388,317,289
389,337,34
390,250,256
391,311,103
392,309,197
393,338,219
394,48,94
395,10,17
396,350,145
397,389,36
398,330,5
399,331,209
400,229,238
401,315,298
402,332,156
403,324,109
404,231,248
405,339,170
406,341,305
407,322,106
408,391,356
409,133,187
410,126,149
411,110,196
412,402,378
413,316,274
414,328,319
415,390,246
416,385,254
417,395,357
418,136,140
419,16,67
420,327,302
421,82,97
422,398,83
423,279,282
424,147,151
425,124,143
426,30,100
427,379,255
428,404,262
429,32,69
430,377,340
431,369,296
432,388,380
433,359,14
434,401,239
435,358,33
436,393,257
437,375,96
438,407,131
439,353,351
440,352,77
441,217,222
442,321,249
443,376,354
444,363,45
445,411,102
446,306,65
447,383,206
448,112,199
449,342,260
450,347,225
451,408,371
452,362,2
453,394,50
454,343,193
455,399,271
456,397,301
457,419,381
458,68,78
459,243,270
460,384,130
461,365,74
462,435,38
463,396,138
464,370,220
465,420,164
466,392,374
467,412,386
468,438,104
469,422,414
470,409,405
471,125,161
472,366,3
473,450,436
474,451,367
475,101,157
476,345,22
477,9,80
478,66,71
479,473,413
480,355,178
481,318,108
482,432,253
483,439,300
484,442,441
485,428,400
486,416,373
487,139,150
488,469,430
489,434,427
490,24,53
491,387,280
492,480,181
493,424,141
494,488,461
495,476,457
496,456,346
497,349,160
498,482,292
499,464,364
500,21,58
501,479,447
502,406,344
503,467,425
504,448,116
505,440,18
506,382,37
507,486,449
508,498,286
509,444,433
510,481,198
511,497,465
512,443,431
513,477,417
514,470,403
515,509,437
516,463,123
517,468,200
518,508,489
519,501,455
520,429,61
521,495,446
522,503,323
523,368,234
524,421,92
525,499,459
526,502,494
527,472,453
528,522,466
529,521,98
530,526,505
531,423,259
532,511,474
533,512,245
534,496,452
535,415,285
536,519,507
537,454,445
538,534,426
539,228,269
540,516,471
541,528,514
542,513,462
543,492,179
544,533,485
545,536,518
546,532,517
547,493,410
548,530,529
549,142,173
550,523,211
551,478,12
552,520,500
553,544,525
554,549,460
555,545,484
556,546,541
557,227,277
558,535,291
559,169,175
560,540,418
561,551,361
562,550,483
563,555,553
564,548,51
565,543,537
566,539,491
567,561,538
568,564,515
569,552,458
570,527,490
571,554,504
572,568,567
573,556,487
574,560,510
575,563,558
576,572,506
577,542,524
578,575,562
579,573,547
580,576,570
581,579,565
582,580,577
583,578,566
584,581,574
585,584,571
586,559,184
587,475,159
588,582,569
589,588,27
590,583,531
591,590,557
592,586,585
593,592,587
594,591,202
595,594,290
596,595,288
597,596,215
