501,17,40
502,229,449
503,57,80
504,440,484
505,156,174
506,409,429
507,16,89
508,408,434
509,247,472
510,24,73
511,420,475
512,130,169
513,224,471
514,296,466
515,410,418
516,321,323
517,208,404
518,304,333
519,444,478
520,299,480
521,245,295
522,176,190
523,210,284
524,113,126
525,207,453
526,411,442
527,252,439
528,160,166
529,219,266
530,202,287
531,352,390
532,231,436
533,270,490
534,45,86
535,265,469
536,326,357
537,64,85
538,268,460
539,366,388
540,205,288
541,269,289
542,152,159
543,386,387
544,173,197
545,380,392
546,36,72
547,285,426
548,215,431
549,267,425
550,244,450
551,209,496
552,225,482
553,430,462
554,519,495
555,272,500
556,530,504
557,517,222
558,220,280
559,147,189
560,214,497
561,242,294
562,306,381
563,502,422
564,1,98
565,518,325
566,20,34
567,541,445
568,131,142
569,241,477
570,105,163
571,53,61
572,5,13
573,338,385
574,239,456
575,406,491
576,69,93
577,522,121
578,146,153
579,329,399
580,3,9
581,8,18
582,213,435
583,124,196
584,38,55
585,535,216
586,83,96
587,544,171
588,154,195
589,547,403
590,545,312
591,539,351
592,513,271
593,563,554
594,505,182
595,360,371
596,534,74
597,570,119
598,515,511
599,21,32
600,533,532
601,103,170
602,71,95
603,60,67
604,353,389
605,253,494
606,552,281
607,528,194
608,218,414
609,236,437
610,136,143
611,571,88
612,527,249
613,232,488
614,549,446
615,424,438
616,349,391
617,529,246
618,350,369
619,557,201
620,137,181
621,319,383
622,576,28
623,573,334
624,566,12
625,327,355
626,230,254
627,277,473
628,551,292
629,311,356
630,106,120
631,279,451
632,455,499
633,354,368
634,609,465
635,463,493
636,35,92
637,548,474
638,123,157
639,564,66
640,558,540
641,555,278
642,23,100
643,102,165
644,599,503
645,594,108
646,542,184
647,183,200
648,358,376
649,597,568
650,525,291
651,578,524
652,78,84
653,572,90
654,206,275
655,234,274
656,611,82
657,290,487
658,308,378
659,550,520
660,407,428
661,233,433
662,402,448
663,579,339
664,537,79
665,44,62
666,101,168
667,114,129
668,111,151
669,419,464
670,593,567
671,521,228
672,336,384
673,577,180
674,262,273
675,595,310
676,42,70
677,138,139
678,117,155
679,107,109
680,516,313
681,320,359
682,598,582
683,565,347
684,125,187
685,607,161
686,54,68
687,634,514
688,372,395
689,603,15
690,316,379
691,585,255
692,662,458
693,33,39
694,649,185
695,618,322
696,337,397
697,261,286
698,601,164
699,538,523
700,615,212
701,562,396
702,240,413
703,668,587
704,617,417
705,575,217
706,509,427
707,346,363
708,671,641
709,652,622
710,508,259
711,604,375
712,365,370
713,620,145
714,669,614
715,592,574
716,677,112
717,237,283
718,650,461
719,673,512
720,49,91
721,264,276
722,640,589
723,140,144
724,328,361
725,14,31
726,341,394
727,624,56
728,506,423
729,561,468
730,122,172
731,665,602
732,627,556
733,309,344
734,612,443
735,699,626
736,115,128
737,227,489
738,30,46
739,553,297
740,4,26
741,118,177
742,340,374
743,314,382
744,663,648
745,637,606
746,705,243
747,695,623
748,644,596
749,721,221
750,675,531
751,666,588
752,7,81
753,421,452
754,731,689
755,654,258
756,116,132
757,664,636
758,660,416
759,330,345
760,739,600
761,632,211
762,631,476
763,740,586
764,642,507
765,751,191
766,712,362
767,639,22
768,702,655
769,694,651
770,43,94
771,697,282
772,647,127
773,715,674
774,546,58
775,726,303
776,510,87
777,658,616
778,27,76
779,248,486
780,543,364
781,716,175
782,686,99
783,621,302
784,342,398
785,613,260
786,687,659
787,736,150
788,633,629
789,685,178
790,727,653
791,680,591
792,707,400
793,710,657
794,714,619
795,204,405
796,747,590
797,732,635
798,742,348
799,704,661
800,676,581
801,569,485
802,786,718
803,713,559
804,778,25
805,638,133
806,703,678
807,764,580
808,758,608
809,298,447
810,688,331
811,188,198
812,782,656
813,793,745
814,767,65
815,690,683
816,722,692
817,773,670
818,794,708
819,717,441
820,789,141
821,737,300
822,479,481
823,803,645
824,723,698
825,768,459
826,796,733
827,250,432
828,235,470
829,646,583
830,725,48
831,791,743
832,226,401
833,679,630
834,738,501
835,749,691
836,684,162
837,167,179
838,628,605
839,41,75
840,719,643
841,814,709
842,301,367
843,797,735
844,11,47
845,728,700
846,801,755
847,783,672
848,800,748
849,610,158
850,822,257
851,750,696
852,720,63
853,706,251
854,744,681
855,808,238
856,492,498
857,263,293
858,10,19
859,846,729
860,775,625
861,845,762
862,317,393
863,752,693
864,774,763
865,766,315
866,804,770
867,784,377
868,835,828
869,787,667
870,817,682
871,59,97
872,186,192
873,851,536
874,860,792
875,771,526
876,854,335
877,853,761
878,790,757
879,813,734
880,810,777
881,821,795
882,840,765
883,798,780
884,560,467
885,837,836
886,760,203
887,711,324
888,830,584
889,863,776
890,730,193
891,779,454
892,829,148
893,811,806
894,849,756
895,869,769
896,856,746
897,883,373
898,850,457
899,815,788
900,864,77
901,855,838
902,847,759
903,816,802
904,879,818
905,896,819
906,809,753
907,781,741
908,824,820
909,886,799
910,877,827
911,866,812
912,754,50
913,6,29
914,832,223
915,907,823
916,848,807
917,865,701
918,859,785
919,873,826
920,852,841
921,912,844
922,870,843
923,134,149
924,906,861
925,894,772
926,880,831
927,888,878
928,898,891
929,913,52
930,893,833
931,881,875
932,921,2
933,895,882
934,899,332
935,876,305
936,885,805
937,905,903
938,910,825
939,307,343
940,884,256
941,917,724
942,872,199
943,911,834
944,937,868
945,922,904
946,892,890
947,919,874
948,931,918
949,932,927
950,916,889
951,915,908
952,925,110
953,857,483
954,858,37
955,902,897
956,928,909
957,941,867
958,943,900
959,933,923
960,935,926
961,957,862
962,924,914
963,950,920
964,960,934
965,104,135
966,940,901
967,945,944
968,959,951
969,961,947
970,871,839
971,956,948
972,965,930
973,966,938
974,958,949
975,964,939
976,972,952
977,963,929
978,968,936
979,971,967
980,975,969
981,946,942
982,980,887
983,955,318
984,977,974
985,978,976
986,979,962
987,984,51
988,986,973
989,983,982
990,985,981
991,987,970
992,989,842
993,988,953
994,991,954
995,993,415
996,995,412
997,994,992
