301,128,144
302,154,182
303,152,191
304,6,8
305,132,174
306,207,284
307,205,275
308,120,168
309,264,276
310,4,42
311,79,90
312,278,293
313,26,91
314,59,93
315,153,192
316,265,299
317,304,20
318,111,127
319,107,195
320,201,268
321,56,64
322,301,183
323,49,62
324,115,117
325,240,252
326,230,267
327,35,40
328,46,84
329,224,294
330,213,228
331,312,272
332,165,196
333,317,81
334,122,180
335,60,87
336,307,251
337,209,242
338,119,166
339,137,171
340,155,158
341,28,43
342,39,99
343,204,283
344,250,256
345,162,185
346,19,76
347,121,135
348,105,146
349,328,36
350,333,13
351,156,167
352,320,295
353,216,255
354,303,170
355,7,95
356,11,89
357,218,263
358,225,297
359,336,289
360,188,197
361,41,70
362,233,247
363,203,214
364,319,118
365,239,298
366,305,163
367,315,189
368,321,54
369,208,271
370,346,85
371,29,63
372,344,246
373,103,134
374,244,260
375,106,177
376,314,310
377,347,318
378,349,34
379,169,186
380,32,69
381,339,161
382,350,44
383,16,67
384,331,257
385,210,219
386,238,262
387,359,221
388,309,274
389,368,83
390,332,308
391,386,306
392,226,300
393,10,17
394,104,187
395,316,249
396,217,222
397,354,351
398,343,329
399,313,15
400,266,273
401,57,73
402,334,190
403,25,33
404,373,345
405,234,258
406,30,100
407,31,52
408,353,352
409,403,393
410,47,78
411,375,340
412,5,82
413,136,140
414,178,193
415,330,326
416,337,235
417,365,325
418,212,281
419,378,311
420,384,358
421,366,131
422,124,143
423,357,286
424,231,254
425,356,74
426,398,236
427,241,280
428,361,96
429,322,109
430,383,382
431,129,148
432,223,237
433,113,176
434,341,65
435,50,94
436,387,253
437,397,181
438,377,367
439,371,370
440,206,282
441,404,338
442,394,147
443,269,287
444,376,72
445,355,86
446,139,150
447,9,21
448,396,395
449,420,388
450,66,71
451,243,270
452,126,149
453,401,23
454,1,75
455,259,279
456,391,229
457,430,389
458,302,198
459,101,157
460,446,437
461,441,438
462,424,248
463,444,412
464,58,68
465,423,385
466,348,130
467,414,108
468,374,277
469,92,97
470,433,360
471,429,324
472,55,98
473,407,22
474,418,415
475,440,408
476,419,406
477,399,14
478,3,24
479,102,110
480,380,61
481,475,416
482,449,363
483,381,138
484,445,410
485,411,114
486,463,435
487,112,184
488,427,405
489,402,179
490,141,151
491,471,442
492,460,390
493,461,172
494,465,292
495,453,323
496,2,48
497,457,434
498,436,417
499,480,464
500,486,342
501,483,458
502,447,80
503,439,428
504,498,481
505,426,392
506,400,362
507,443,296
508,492,470
509,425,327
510,116,173
511,477,450
512,473,335
513,489,467
514,482,261
515,37,88
516,12,77
517,484,476
518,220,291
519,123,175
520,514,456
521,494,448
522,505,462
523,493,364
524,372,285
525,466,421
526,488,432
527,431,133
528,474,245
529,451,369
530,503,500
531,18,27
532,160,164
533,508,194
534,497,495
535,38,53
536,506,211
537,491,452
538,142,145
539,468,455
540,522,504
541,523,379
542,521,520
543,479,422
544,530,509
545,502,409
546,512,45
547,517,51
548,547,534
549,541,533
550,540,526
551,537,199
552,548,544
553,543,527
554,550,542
555,485,200
556,549,501
557,528,507
558,555,551
559,525,487
560,552,516
561,545,469
562,554,529
563,559,556
564,553,513
565,515,499
566,562,557
567,524,518
568,563,558
569,560,546
570,472,454
571,519,125
572,569,478
573,572,511
574,567,566
575,490,413
576,574,536
577,568,564
578,538,532
579,573,531
580,579,570
581,576,539
582,580,561
583,582,565
584,202,227
585,577,571
586,583,496
587,585,575
588,587,578
589,459,159
590,584,581
591,588,510
592,591,589
593,590,232
594,586,535
595,593,290
596,595,288
597,596,215
