701,230,672
702,264,624
703,51,488
704,271,378
705,642,658
706,235,351
707,268,358
708,362,398
709,707,366
710,354,677
711,227,603
712,518,593
713,622,664
714,133,574
715,25,413
716,130,166
717,132,186
718,527,594
719,220,304
720,76,430
721,711,306
722,410,485
723,267,606
724,39,43
725,168,187
726,1,408
727,352,693
728,340,382
729,26,67
730,226,670
731,207,297
732,81,459
733,613,656
734,219,381
735,120,581
736,704,701
737,175,525
738,279,689
739,190,532
740,199,550
741,211,387
742,233,388
743,631,644
744,52,443
745,108,511
746,181,551
747,258,628
748,109,585
749,248,330
750,334,610
751,375,650
752,241,376
753,34,59
754,513,565
755,260,372
756,424,472
757,617,692
758,311,661
759,647,652
760,203,254
761,204,605
762,739,159
763,213,691
764,346,356
765,649,665
766,180,595
767,332,663
768,144,514
769,205,266
770,702,272
771,125,542
772,17,56
773,21,404
774,669,688
775,173,198
776,276,357
777,84,429
778,36,401
779,239,361
780,435,490
781,71,407
782,98,453
783,128,537
784,428,456
785,318,608
786,270,632
787,114,167
788,531,599
789,752,302
790,450,465
791,223,292
792,113,148
793,291,678
794,715,68
795,725,502
796,244,251
797,8,406
798,195,590
799,740,160
800,736,249
801,491,497
802,641,694
803,69,487
804,163,575
805,727,675
806,105,578
807,215,337
808,495,500
809,458,498
810,6,75
811,263,367
812,282,315
813,278,653
814,755,384
815,201,301
816,12,16
817,123,145
818,221,662
819,5,22
820,393,633
821,33,82
822,557,576
823,735,194
824,193,506
825,255,654
826,758,250
827,724,480
828,73,475
829,373,696
830,767,359
831,101,547
832,769,273
833,789,639
834,380,619
835,212,368
836,309,629
837,795,117
838,734,686
839,99,462
840,216,298
841,150,182
842,722,451
843,616,643
844,48,66
845,41,65
846,714,555
847,750,323
848,481,486
849,11,64
850,232,637
851,621,625
852,403,417
853,225,293
854,228,333
855,389,618
856,419,457
857,314,395
858,713,657
859,522,544
860,749,342
861,9,468
862,243,386
863,798,569
864,256,683
865,151,156
866,718,570
867,792,507
868,46,414
869,743,353
870,452,454
871,731,634
872,229,338
873,709,299
874,828,756
875,742,328
876,850,765
877,788,546
878,24,499
879,564,597
880,812,247
881,285,326
882,793,394
883,759,614
884,719,604
885,521,559
886,331,377
887,825,770
888,834,222
889,88,476
890,174,200
891,796,687
892,826,287
893,519,561
894,840,307
895,224,349
896,733,261
897,620,623
898,745,712
899,40,77
900,188,558
901,37,439
902,107,577
903,785,630
904,820,757
905,766,552
906,92,464
907,818,636
908,253,360
909,802,209
910,771,768
911,815,341
912,837,158
913,723,265
914,833,348
915,867,192
916,853,671
917,858,274
918,779,308
919,782,469
920,86,492
921,800,673
922,42,78
923,762,115
924,703,442
925,549,580
926,716,147
927,61,493
928,799,176
929,856,44
930,178,553
931,909,763
932,829,257
933,842,85
934,869,275
935,805,776
936,170,584
937,872,283
938,122,567
939,832,214
940,816,411
941,868,29
942,183,582
943,910,717
944,720,20
945,835,761
946,30,432
947,803,18
948,787,179
949,887,310
950,926,824
951,208,280
952,262,680
953,753,63
954,783,588
955,89,478
956,312,700
957,90,427
958,106,136
959,102,543
960,838,295
961,836,786
962,571,586
963,860,324
964,118,560
965,907,738
966,155,591
967,839,38
968,140,165
969,917,751
970,313,347
971,881,615
972,903,708
973,31,87
974,143,172
975,790,433
976,62,477
977,336,668
978,13,57
979,895,830
980,874,729
981,121,191
982,436,444
983,934,896
984,807,747
985,841,524
986,364,685
987,111,562
988,923,746
989,977,242
990,890,822
991,808,58
992,797,438
993,139,596
994,859,528
995,939,741
996,877,554
997,162,184
998,857,611
999,888,811
1000,437,463
1001,420,489
1002,728,303
1003,843,252
1004,936,540
1005,721,601
1006,891,684
1007,737,112
1008,866,600
1009,855,645
1010,744,27
1011,876,374
1012,710,284
1013,873,648
1014,83,446
1015,405,440
1016,875,355
1017,23,416
1018,861,431
1019,791,320
1020,821,483
1021,852,819
1022,971,217
1023,844,467
1024,400,699
1025,533,583
1026,289,646
1027,845,772
1028,956,949
1029,993,189
1030,854,682
1031,103,196
1032,870,777
1033,764,383
1034,885,516
1035,218,231
1036,135,164
1037,943,863
1038,810,809
1039,920,848
1040,908,862
1041,902,520
1042,918,904
1043,1008,987
1044,49,80
1045,778,3
1046,638,674
1047,290,635
1048,947,448
1049,975,906
1050,28,496
1051,508,526
1052,959,138
1053,831,579
1054,706,681
1055,988,126
1056,991,878
1057,980,455
1058,900,541
1059,363,651
1060,916,371
1061,944,426
1062,470,473
1063,327,667
1064,955,60
1065,1020,422
1066,911,238
1067,794,784
1068,932,705
1069,924,901
1070,946,933
1071,913,871
1072,91,423
1073,974,503
1074,882,390
1075,979,296
1076,760,385
1077,942,545
1078,350,370
1079,937,316
1080,950,504
1081,804,535
1082,775,119
1083,305,602
1084,806,592
1085,925,104
1086,972,864
1087,1013,847
1088,54,412
1089,237,246
1090,134,509
1091,169,197
1092,781,47
1093,1068,730
1094,1000,922
1095,912,846
1096,2,79
1097,986,329
1098,990,915
1099,1056,1018
1100,538,563
1101,928,127
1102,1017,976
1103,1010,927
1104,95,415
1105,899,15
1106,813,774
1107,1057,780
1108,998,240
1109,146,548
1110,984,880
1111,1007,930
1112,893,149
1113,1033,945
1114,883,666
1115,969,655
1116,1012,894
1117,259,344
1118,981,948
1119,1110,884
1120,983,935
1121,814,626
1122,1001,74
1123,962,171
1124,978,773
1125,1037,1034
1126,732,421
1127,1058,996
1128,1083,679
1129,726,494
1130,1005,961
1131,1091,572
1132,1073,137
1133,210,391
1134,817,154
1135,1079,321
1136,954,534
1137,1104,1064
1138,294,343
1139,1022,995
1140,997,966
1141,1114,319
1142,1103,1045
1143,1024,897
1144,1006,965
1145,865,153
1146,1041,566
1147,1136,985
1148,1019,1011
1149,1032,484
1150,1021,919
1151,7,449
1152,1107,1027
1153,1031,898
1154,1115,914
1155,952,236
1156,1097,660
1157,1048,434
1158,1049,1039
1159,1059,1002
1160,1090,152
1161,1055,938
1162,1023,10
1163,1062,14
1164,379,609
1165,1092,941
1166,1098,754
1167,970,892
1168,1087,960
1169,116,185
1170,1121,1076
1171,1070,32
1172,1149,425
1173,1088,953
1174,1118,994
1175,529,573
1176,1074,1060
1177,1130,1040
1178,1143,921
1179,129,517
1180,1038,53
1181,1080,1043
1182,827,70
1183,1105,482
1184,1133,963
1185,1120,1042
1186,418,474
1187,1077,748
1188,447,461
1189,441,466
1190,1086,325
1191,1132,905
1192,1030,335
1193,501,505
1194,365,627
1195,1169,1082
1196,1084,823
1197,1106,640
1198,124,141
1199,1095,958
1200,1015,409
1201,1099,940
1202,1190,1113
1203,1144,202
1204,1182,1172
1205,177,587
1206,1125,1111
1207,1187,1127
1208,1046,690
1209,1184,397
1210,1192,1138
1211,1162,460
1212,989,886
1213,1119,1116
1214,1044,97
1215,1156,951
1216,1026,698
1217,1135,1016
1218,1154,1075
1219,1063,1054
1220,1181,1085
1221,1124,982
1222,1089,339
1223,1199,556
1224,1050,957
1225,1093,999
1226,1140,968
1227,1152,1069
1228,1122,1102
1229,1158,929
1230,1137,849
1231,1167,1148
1232,1014,801
1233,1168,1028
1234,1205,879
1235,1147,161
1236,1146,964
1237,1197,659
1238,1101,1036
1239,992,19
1240,1141,612
1241,1071,931
1242,4,479
1243,1188,1151
1244,1223,1109
1245,1164,697
1246,1196,1166
1247,1238,1025
1248,281,392
1249,1222,206
1250,72,402
1251,300,396
1252,1160,568
1253,1177,1003
1254,1161,1053
1255,1096,967
1256,1201,1183
1257,1123,1112
1258,1191,589
1259,157,530
1260,1180,1142
1261,1224,1157
1262,1047,399
1263,1241,1233
1264,1100,131
1265,1221,1171
1266,1203,1066
1267,1212,1159
1268,1035,676
1269,1072,973
1270,1145,1051
1271,1218,1108
1272,1163,1129
1273,1185,1139
1274,1228,1173
1275,1193,536
1276,1211,1150
1277,1214,1067
1278,1254,1220
1279,1206,515
1280,1227,1094
1281,1248,288
1282,1245,607
1283,1235,1131
1284,1225,1009
1285,1204,1126
1286,1198,1175
1287,1246,1174
1288,94,471
1289,1258,1153
1290,1217,1209
1291,1240,695
1292,1236,1004
1293,1230,889
1294,1253,1176
1295,286,345
1296,1252,1247
1297,1189,1186
1298,1237,1213
1299,1239,1200
1300,1250,1065
1301,1234,110
1302,1256,1229
1303,1267,1202
1304,1231,1219
1305,1280,1232
1306,1210,1078
1307,1194,269
1308,1226,1179
1309,1170,1128
1310,1207,1029
1311,1273,1271
1312,1216,1155
1313,1277,35
1314,1242,93
1315,1282,245
1316,1286,1052
1317,1303,1178
1318,1255,445
1319,1275,1257
1320,1264,523
1321,1310,1283
1322,1302,1165
1323,1268,1117
1324,1314,1269
1325,1297,50
1326,1265,1260
1327,1284,1266
1328,1296,1279
1329,1319,1081
1330,1305,1276
1331,1327,1291
1332,1301,1195
1333,1312,1306
1334,1278,1244
1335,1288,55
1336,1289,1287
1337,1298,1263
1338,1251,1249
1339,1272,45
1340,1326,1285
1341,1290,1208
1342,1300,1061
1343,1313,96
1344,1281,317
1345,1337,1294
1346,1320,1134
1347,1325,1293
1348,234,369
1349,1343,1243
1350,1322,1261
1351,1329,1308
1352,1333,1304
1353,1339,1299
1354,1316,1292
1355,1311,1309
1356,1348,1307
1357,1323,277
1358,1341,1215
1359,1336,1328
1360,1324,1318
1361,1357,1295
1362,1331,1317
1363,1330,1274
1364,1270,512
1365,1334,1332
1366,1362,1355
1367,1353,1350
1368,1346,598
1369,1363,1342
1370,1344,851
1371,1354,1259
1372,1351,1321
1373,1364,510
1374,1349,1340
1375,1358,1345
1376,1347,1335
1377,1372,1365
1378,1374,1360
1379,1373,1359
1380,1375,1366
1381,1352,322
1382,1381,1338
1383,1379,1377
1384,1376,1369
1385,1384,1367
1386,1382,1380
1387,1361,1315
1388,1371,539
1389,1385,1378
1390,1388,1383
1391,1370,1262
1392,1391,1386
1393,1390,1368
1394,1392,1387
1395,1394,1356
1396,1393,142
1397,1389,100
