501,422,493
502,333,359
503,113,153
504,309,385
505,126,142
506,74,86
507,406,498
508,346,355
509,228,278
510,210,299
511,269,272
512,206,231
513,122,196
514,260,281
515,414,459
516,118,147
517,430,481
518,207,295
519,137,139
520,368,394
521,131,165
522,16,23
523,504,312
524,156,178
525,316,354
526,63,66
527,381,397
528,25,27
529,252,258
530,164,167
531,213,279
532,115,146
533,268,287
534,53,59
535,237,255
536,313,369
537,519,151
538,28,91
539,208,267
540,417,442
541,82,99
542,217,280
543,265,291
544,169,195
545,202,224
546,314,390
547,85,89
548,5,71
549,48,76
550,509,239
551,111,197
552,501,410
553,518,222
554,445,460
555,503,185
556,321,352
557,310,335
558,136,145
559,243,264
560,522,506
561,103,138
562,320,349
563,450,473
564,7,73
565,285,296
566,508,377
567,311,351
568,474,500
569,437,469
570,416,440
571,462,486
572,453,491
573,446,464
574,435,454
575,345,364
576,418,438
577,248,297
578,32,33
579,105,168
580,451,456
581,201,230
582,348,387
583,477,482
584,35,42
585,553,283
586,2,14
587,22,69
588,219,229
589,46,72
590,383,400
591,29,52
592,537,124
593,550,254
594,547,47
595,570,458
596,306,363
597,540,479
598,527,396
599,174,189
600,525,325
601,56,100
602,140,192
603,538,70
604,523,344
605,101,121
606,256,288
607,421,447
608,127,180
609,403,419
610,524,150
611,4,92
612,109,119
613,542,510
614,233,261
615,511,253
616,471,492
617,244,245
618,246,273
619,532,158
620,402,495
621,330,384
622,530,179
623,302,319
624,110,143
625,539,535
626,336,386
627,561,112
628,221,263
629,148,184
630,472,499
631,514,294
632,329,399
633,444,496
634,601,64
635,520,334
636,541,17
637,544,190
638,574,424
639,584,528
640,203,282
641,114,182
642,589,61
643,580,434
644,515,494
645,597,411
646,563,478
647,83,90
648,585,512
649,579,505
650,572,507
651,429,436
652,152,193
653,420,433
654,594,67
655,545,284
656,461,466
657,636,30
658,516,159
659,533,215
660,129,161
661,590,340
662,529,235
663,536,315
664,176,191
665,271,289
666,323,388
667,18,84
668,630,432
669,531,262
670,476,487
671,558,175
672,599,177
673,586,548
674,566,370
675,343,382
676,562,331
677,209,214
678,608,183
679,573,552
680,582,575
681,625,543
682,588,270
683,132,200
684,108,194
685,144,198
686,104,171
687,619,555
688,556,337
689,560,51
690,593,581
691,212,226
692,650,441
693,568,554
694,637,605
695,600,502
696,11,19
697,665,277
698,551,107
699,595,465
700,576,455
701,308,371
702,10,31
703,662,225
704,3,21
705,68,88
706,666,598
707,687,128
708,546,356
709,587,65
710,218,240
711,656,616
712,660,612
713,327,372
714,614,577
715,326,350
716,567,358
717,9,43
718,654,13
719,45,50
720,303,357
721,673,60
722,322,378
723,338,360
724,682,631
725,611,564
726,604,339
727,628,216
728,671,610
729,220,290
730,640,286
731,642,54
732,629,172
733,517,457
734,681,292
735,627,157
736,694,622
737,379,380
738,123,149
739,428,467
740,592,117
741,163,181
742,596,398
743,679,569
744,718,95
745,603,526
746,55,96
747,689,549
748,615,613
749,725,657
750,634,1
751,620,443
752,317,393
753,690,659
754,638,490
755,463,475
756,663,353
757,401,452
758,708,676
759,748,655
760,720,635
761,716,695
762,427,439
763,307,391
764,714,227
765,648,606
766,747,8
767,733,645
768,726,374
769,691,618
770,710,234
771,751,653
772,702,37
773,583,485
774,647,639
775,204,242
776,672,155
777,643,409
778,711,692
779,80,93
780,754,449
781,669,223
782,413,484
783,646,480
784,677,565
785,736,102
786,513,199
787,578,78
788,36,94
789,693,571
790,745,98
791,667,591
792,644,415
793,768,361
794,649,134
795,236,241
796,750,719
797,688,375
798,304,362
799,675,557
800,760,632
801,735,602
802,678,160
803,712,125
804,559,276
805,728,664
806,774,749
807,623,621
808,707,624
809,700,431
810,661,373
811,779,87
812,758,706
813,709,6
814,717,704
815,753,724
816,730,298
817,778,739
818,797,674
819,764,266
820,752,742
821,762,408
822,722,701
823,761,347
824,698,166
825,780,607
826,790,766
827,769,250
828,20,62
829,26,57
830,743,468
831,697,211
832,686,106
833,808,802
834,765,727
835,341,366
836,756,715
837,392,395
838,777,633
839,800,713
840,812,793
841,824,776
842,746,731
843,816,257
844,680,301
845,721,696
846,819,703
847,789,783
848,658,641
849,811,534
850,846,759
851,729,249
852,41,58
853,794,741
854,24,81
855,817,609
856,740,120
857,834,815
858,825,767
859,801,785
860,34,39
861,771,423
862,806,796
863,845,744
864,821,425
865,823,763
866,784,770
867,792,699
868,755,670
869,847,668
870,827,781
871,814,705
872,857,238
873,813,787
874,773,405
875,833,521
876,617,205
877,856,732
878,826,79
879,878,862
880,342,365
881,837,798
882,12,15
883,839,810
884,737,626
885,850,734
886,840,328
887,859,805
888,867,855
889,858,651
890,830,448
891,879,863
892,232,275
893,876,251
894,886,818
895,888,782
896,885,872
897,875,841
898,820,723
899,683,116
900,842,40
901,889,869
902,866,831
903,887,848
904,832,173
905,835,332
906,894,865
907,684,652
908,843,775
909,883,836
910,908,300
911,890,868
912,853,803
913,130,133
914,864,838
915,903,897
916,426,470
917,902,896
918,884,376
919,873,791
920,860,828
921,900,891
922,898,881
923,871,38
924,901,809
925,849,829
926,877,738
927,921,788
928,917,870
929,926,915
930,909,799
931,844,367
932,918,822
933,924,895
934,927,923
935,930,906
936,912,141
937,154,162
938,804,293
939,928,795
940,786,685
941,933,911
942,936,929
943,757,412
944,935,932
945,925,77
946,913,186
947,934,919
948,941,914
949,920,882
950,904,899
951,483,489
952,944,931
953,939,910
954,942,940
955,952,922
956,852,75
957,949,947
958,324,389
959,953,851
960,948,861
961,807,318
962,943,874
963,957,772
964,963,945
965,959,247
966,962,960
967,965,259
968,938,893
969,955,905
970,907,135
971,964,854
972,968,967
973,954,950
974,969,961
975,973,970
976,972,274
977,971,44
978,975,188
979,966,497
980,977,49
981,916,488
982,980,97
983,978,946
984,983,937
985,982,956
986,976,892
987,974,880
988,979,404
989,987,305
990,988,981
991,989,958
992,990,951
993,984,187
994,992,407
995,993,170
996,995,986
997,991,985
