701,372,381
702,342,364
703,36,40
704,16,41
705,579,600
706,562,580
707,511,557
708,618,619
709,278,286
710,453,485
711,11,56
712,459,490
713,644,664
714,425,428
715,506,541
716,311,360
717,378,386
718,603,637
719,531,596
720,629,632
721,616,671
722,224,243
723,213,294
724,549,555
725,502,588
726,307,355
727,654,673
728,529,569
729,456,492
730,631,687
731,509,593
732,118,141
733,341,383
734,310,376
735,12,35
736,416,489
737,615,630
738,520,528
739,211,253
740,711,88
741,652,695
742,170,175
743,309,361
744,450,482
745,103,149
746,111,126
747,117,166
748,737,633
749,463,493
750,203,261
751,516,570
752,112,151
753,424,488
754,448,480
755,715,554
756,120,178
757,230,275
758,125,179
759,704,34
760,403,483
761,256,291
762,240,290
763,702,336
764,221,250
765,462,479
766,517,599
767,58,90
768,171,182
769,669,688
770,86,95
771,313,351
772,751,581
773,366,385
774,130,163
775,575,594
776,22,63
777,212,229
778,552,572
779,325,349
780,409,434
781,152,153
782,405,438
783,260,262
784,758,186
785,522,532
786,67,76
787,622,656
788,512,578
789,315,398
790,222,249
791,602,665
792,706,568
793,730,663
794,217,280
795,521,567
796,109,122
797,514,536
798,401,437
799,744,475
800,763,733
801,344,345
802,472,478
803,176,191
804,605,657
805,470,494
806,725,537
807,496,500
808,627,655
809,353,384
810,547,565
811,467,481
812,5,26
813,686,700
814,768,115
815,727,676
816,265,296
817,649,667
818,701,323
819,769,634
820,743,358
821,20,57
822,44,65
823,46,62
824,138,157
825,48,59
826,783,254
827,772,707
828,422,469
829,709,259
830,643,672
831,624,651
832,642,647
833,559,583
834,738,515
835,803,160
836,350,374
837,219,271
838,119,173
839,759,740
840,719,576
841,367,373
842,810,582
843,771,365
844,31,81
845,712,498
846,206,225
847,317,340
848,23,84
849,132,181
850,680,681
851,613,692
852,379,382
853,214,297
854,242,274
855,10,50
856,51,94
857,407,455
858,614,675
859,190,197
860,691,694
861,333,387
862,811,404
863,524,544
864,839,18
865,439,487
866,765,432
867,628,690
868,735,69
869,33,66
870,722,220
871,144,159
872,789,347
873,545,546
874,806,705
875,162,183
876,30,72
877,746,167
878,623,645
879,420,464
880,766,519
881,717,716
882,728,573
883,808,718
884,790,750
885,308,335
886,795,755
887,354,368
888,507,533
889,677,678
890,227,292
891,79,98
892,845,798
893,237,300
894,834,731
895,277,293
896,784,742
897,756,143
898,421,495
899,116,140
900,745,139
901,505,558
902,334,356
903,843,395
904,612,641
905,314,377
906,150,189
907,9,89
908,777,247
909,853,284
910,417,473
911,674,697
912,822,27
913,17,54
914,13,70
915,28,29
916,510,518
917,866,423
918,106,187
919,841,820
920,844,776
921,814,133
922,815,748
923,108,135
924,785,542
925,710,491
926,774,174
927,445,446
928,791,611
929,720,601
930,908,283
931,164,168
932,238,266
933,869,15
934,849,752
935,37,87
936,47,83
937,113,134
938,817,721
939,304,328
940,747,101
941,840,538
942,146,148
943,757,236
944,799,749
945,357,399
946,723,295
947,734,394
948,248,258
949,550,571
950,413,461
951,764,252
952,816,228
953,873,827
954,925,862
955,713,604
956,852,726
957,760,466
958,648,653
959,621,666
960,868,1
961,880,724
962,807,457
963,312,343
964,105,198
965,754,714
966,158,184
967,874,591
968,861,316
969,898,427
970,854,794
971,205,208
972,828,802
973,215,272
974,414,486
975,877,200
976,842,527
977,391,397
978,38,99
979,782,476
980,793,689
981,938,698
982,952,232
983,904,699
984,319,332
985,60,74
986,739,207
987,933,71
988,406,468
989,465,499
990,753,410
991,885,375
992,3,52
993,736,435
994,767,703
995,577,592
996,924,882
997,779,326
998,946,268
999,411,442
1000,956,800
1001,884,263
1002,940,121
1003,566,574
1004,818,348
1005,124,127
1006,21,93
1007,941,778
1008,864,812
1009,303,330
1010,838,185
1011,967,961
1012,891,876
1013,257,299
1014,825,42
1015,962,780
1016,503,526
1017,914,770
1018,429,484
1019,921,835
1020,202,298
1021,415,443
1022,892,805
1023,831,636
1024,886,775
1025,856,64
1026,8,45
1027,978,920
1028,939,809
1029,913,91
1030,860,668
1031,855,82
1032,871,172
1033,905,393
1034,129,188
1035,823,43
1036,919,881
1037,318,346
1038,110,137
1039,894,556
1040,829,233
1041,863,561
1042,792,597
1043,867,659
1044,976,888
1045,989,879
1046,915,53
1047,997,947
1048,928,922
1049,951,223
1050,837,826
1051,931,896
1052,929,830
1053,982,890
1054,910,447
1055,960,25
1056,1011,953
1057,980,832
1058,948,210
1059,371,388
1060,902,872
1061,934,923
1062,916,513
1063,142,147
1064,870,269
1065,662,684
1066,1000,801
1067,981,878
1068,729,431
1069,194,199
1070,1001,986
1071,974,865
1072,848,4
1073,1008,19
1074,682,696
1075,1054,954
1076,276,282
1077,201,285
1078,911,638
1079,1057,658
1080,1023,679
1081,804,741
1082,402,430
1083,900,165
1084,2,100
1085,875,155
1086,973,216
1087,1042,1039
1088,540,584
1089,965,944
1090,1064,289
1091,635,693
1092,1051,942
1093,1034,926
1094,1036,1004
1095,302,369
1096,819,610
1097,906,123
1098,912,786
1099,813,685
1100,1002,859
1101,883,708
1102,1012,61
1103,1060,836
1104,154,180
1105,1021,460
1106,959,858
1107,1041,501
1108,930,762
1109,895,231
1110,979,418
1111,617,640
1112,943,761
1113,1075,1022
1114,851,639
1115,1032,1019
1116,1069,781
1117,1027,1017
1118,1003,548
1119,1065,955
1120,972,917
1121,993,436
1122,329,392
1123,1081,983
1124,824,177
1125,1073,994
1126,788,530
1127,1070,909
1128,145,156
1129,301,352
1130,1024,833
1131,606,650
1132,1079,1030
1133,1055,935
1134,964,136
1135,1130,1007
1136,1078,609
1137,1056,1044
1138,1067,787
1139,957,426
1140,958,608
1141,975,195
1142,1066,1028
1143,1049,267
1144,968,390
1145,1033,903
1146,1074,683
1147,452,458
1148,1108,281
1149,937,796
1150,970,255
1151,1120,1113
1152,553,590
1153,1005,732
1154,1047,389
1155,907,78
1156,1086,270
1157,1061,192
1158,1068,1015
1159,1142,1103
1160,996,797
1161,1071,433
1162,226,251
1163,1026,1025
1164,949,523
1165,1125,1117
1166,1114,1048
1167,92,97
1168,1150,1090
1169,1137,1087
1170,1121,474
1171,1010,966
1172,1151,1089
1173,273,287
1174,75,80
1175,449,454
1176,1128,131
1177,1127,998
1178,408,471
1179,1050,235
1180,6,14
1181,1080,1043
1182,7,39
1183,1143,932
1184,1159,1094
1185,897,128
1186,977,305
1187,1141,1083
1188,918,899
1189,1160,1126
1190,1016,508
1191,321,380
1192,1045,440
1193,1169,1135
1194,1133,992
1195,999,969
1196,990,444
1197,963,337
1198,1157,1092
1199,359,400
1200,1138,850
1201,1035,1031
1202,1102,1098
1203,1166,1052
1204,1148,1053
1205,1119,620
1206,1132,1101
1207,1104,169
1208,1145,1144
1209,1165,1029
1210,1177,1020
1211,1084,1014
1212,102,107
1213,661,670
1214,1109,893
1215,1134,1100
1216,1013,279
1217,1158,857
1218,1196,1172
1219,1009,991
1220,773,324
1221,1123,1106
1222,1203,1181
1223,1147,477
1224,1210,1112
1225,1201,821
1226,1179,846
1227,1198,1124
1228,1110,988
1229,1187,1093
1230,1205,889
1231,539,560
1232,1040,264
1233,534,551
1234,1155,1072
1235,1220,331
1236,1209,1202
1237,1168,1058
1238,1193,1107
1239,504,564
1240,1218,1217
1241,1197,322
1242,1171,1115
1243,1154,887
1244,1222,1200
1245,1221,1206
1246,209,246
1247,1238,1189
1248,1243,1184
1249,1194,1046
1250,1204,1183
1251,1152,598
1252,1241,1059
1253,1077,288
1254,1062,995
1255,945,847
1256,1129,306
1257,1240,1195
1258,1161,1139
1259,1227,1116
1260,1018,927
1261,1170,412
1262,1229,1149
1263,971,245
1264,1224,239
1265,1242,1188
1266,1228,1178
1267,1236,1006
1268,114,196
1269,1245,1244
1270,1264,1237
1271,1247,901
1272,1191,1095
1273,1248,1208
1274,1265,1259
1275,1258,1257
1276,1225,987
1277,1271,1190
1278,1267,1249
1279,1219,1186
1280,1088,586
1281,1262,1038
1282,1185,1097
1283,1273,1037
1284,1255,363
1285,1269,1096
1286,1232,1156
1287,1275,1192
1288,1277,1254
1289,1270,1250
1290,984,362
1291,1281,1274
1292,1174,1167
1293,1288,1164
1294,1289,1216
1295,1287,1261
1296,1283,1279
1297,1226,1214
1298,1293,1118
1299,1122,320
1300,1278,1163
1301,1211,936
1302,1173,1162
1303,1300,1276
1304,1285,1099
1305,1291,1282
1306,1295,1266
1307,1296,1284
1308,1213,1140
1309,1230,1136
1310,1063,104
1311,1305,1215
1312,1256,370
1313,1294,1286
1314,1309,1304
1315,1307,1290
1316,543,587
1317,1303,1234
1318,1131,1111
1319,1082,497
1320,1298,1251
1321,1175,451
1322,1311,1085
1323,1313,1297
1324,1317,1301
1325,85,96
1326,1315,1235
1327,1322,1153
1328,607,646
1329,1306,1260
1330,1314,1308
1331,1299,1252
1332,1326,1272
1333,1320,1280
1334,1182,1180
1335,1332,1331
1336,1329,1105
1337,1333,1239
1338,327,339
1339,1246,218
1340,1335,1312
1341,1207,1176
1342,1302,1263
1343,1091,626
1344,1328,625
1345,1268,1212
1346,1336,1321
1347,1323,204
1348,32,55
1349,1319,441
1350,1341,1327
1351,1346,1223
1352,1337,525
1353,1330,1146
1354,1334,1324
1355,1347,1339
1356,985,73
1357,1351,950
1358,1353,1318
1359,1292,49
1360,1352,1233
1361,535,595
1362,1340,338
1363,1350,1345
1364,1359,1354
1365,1358,1343
1366,1362,1338
1367,1355,1342
1368,1360,563
1369,1366,1199
1370,1364,1356
1371,1365,660
1372,1357,1349
1373,1367,1253
1374,1371,1344
1375,1363,161
1376,1368,589
1377,1376,1316
1378,1373,1076
1379,1375,1310
1380,1377,1361
1381,1380,585
1382,1370,1325
1383,1372,419
1384,1378,241
1385,1381,1231
1386,1382,1348
1387,1386,68
1388,1379,193
1389,1387,77
1390,1389,24
1391,1384,244
1392,1369,396
1393,1391,234
1394,1393,1383
1395,1392,1388
1396,1390,1385
1397,1395,1374
