501,113,153
502,115,150
503,215,249
504,101,195
505,220,268
506,269,295
507,333,359
508,463,478
509,102,169
510,158,183
511,136,143
512,312,344
513,3,16
514,313,368
515,42,45
516,103,144
517,325,354
518,465,466
519,306,381
520,408,464
521,351,366
522,38,71
523,327,396
524,505,267
525,512,309
526,349,375
527,410,500
528,217,285
529,485,489
530,513,86
531,502,134
532,21,57
533,506,272
534,26,31
535,380,390
536,239,246
537,22,69
538,119,129
539,303,334
540,501,106
541,435,495
542,70,74
543,329,399
544,236,278
545,5,67
546,330,384
547,49,91
548,254,280
549,202,288
550,533,229
551,207,281
552,461,482
553,27,64
554,107,189
555,32,73
556,126,142
557,146,156
558,4,43
559,80,89
560,30,46
561,422,493
562,320,388
563,213,219
564,35,81
565,66,98
566,544,244
567,323,350
568,406,498
569,316,394
570,112,138
571,402,491
572,131,191
573,425,446
574,417,454
575,211,240
576,122,196
577,413,440
578,82,99
579,364,386
580,363,369
581,523,519
582,173,197
583,515,87
584,137,175
585,326,397
586,33,85
587,201,230
588,551,550
589,164,167
590,148,184
591,522,92
592,524,291
593,450,473
594,590,152
595,212,262
596,423,475
597,204,275
598,540,198
599,237,255
600,172,193
601,536,228
602,479,486
603,248,297
604,317,365
605,552,518
606,250,273
607,259,282
608,322,392
609,557,178
610,453,458
611,492,494
612,231,245
613,528,283
614,14,76
615,151,155
616,260,294
617,530,23
618,346,355
619,526,391
620,118,147
621,427,499
622,224,287
623,308,357
624,592,208
625,525,385
626,345,387
627,429,436
628,121,145
629,586,88
630,338,400
631,545,15
632,72,96
633,409,424
634,537,65
635,315,361
636,421,447
637,133,192
638,511,510
639,509,176
640,139,160
641,573,444
642,553,25
643,114,127
644,339,343
645,203,286
646,566,221
647,548,222
648,460,472
649,108,109
650,607,563
651,266,290
652,420,433
653,434,449
654,24,39
655,53,59
656,304,358
657,535,314
658,564,90
659,405,442
660,542,63
661,620,159
662,527,445
663,105,166
664,628,190
665,271,289
666,614,534
667,585,310
668,569,374
669,555,7
670,162,165
671,253,256
672,560,94
673,307,378
674,302,319
675,520,437
676,517,321
677,503,265
678,180,185
679,588,299
680,243,264
681,438,455
682,571,441
683,161,194
684,583,56
685,340,341
686,216,263
687,328,360
688,597,242
689,554,177
690,631,2
691,404,443
692,414,459
693,416,496
694,649,163
695,578,17
696,625,608
697,565,28
698,507,347
699,574,430
700,663,168
701,13,95
702,626,579
703,636,633
704,612,587
705,589,140
706,584,171
707,335,382
708,668,580
709,570,516
710,252,258
711,52,84
712,621,456
713,12,83
714,130,181
715,418,439
716,591,48
717,648,561
718,599,235
719,706,124
720,684,559
721,223,226
722,635,581
723,622,595
724,699,490
725,562,331
726,539,514
727,660,547
728,238,277
729,657,311
730,695,558
731,679,210
732,603,233
733,623,567
734,703,432
735,682,568
736,362,398
737,448,468
738,40,68
739,618,377
740,209,234
741,639,179
742,54,61
743,41,75
744,504,182
745,206,227
746,704,601
747,593,541
748,403,419
749,549,296
750,532,100
751,713,658
752,651,284
753,609,572
754,694,531
755,685,521
756,508,474
757,731,613
758,669,20
759,678,598
760,471,477
761,116,128
762,751,642
763,610,469
764,739,337
765,690,62
766,711,29
767,117,120
768,725,395
769,724,602
770,617,51
771,717,662
772,744,664
773,214,218
774,582,111
775,698,676
776,727,629
777,546,336
778,659,529
779,755,630
780,747,577
781,712,681
782,653,605
783,701,47
784,650,270
785,665,279
786,716,666
787,373,383
788,757,710
789,700,141
790,767,615
791,746,646
792,749,677
793,769,481
794,718,624
795,645,300
796,619,371
797,640,123
798,689,174
799,697,634
800,791,647
801,722,667
802,600,576
803,750,50
804,596,462
805,762,632
806,715,431
807,611,467
808,305,379
809,675,641
810,765,60
811,772,705
812,782,760
813,732,261
814,627,476
815,656,644
816,637,157
817,787,702
818,803,720
819,708,696
820,324,353
821,707,389
822,810,11
823,793,457
824,638,110
825,758,9
826,780,428
827,785,784
828,740,274
829,730,672
830,674,348
831,783,77
832,754,556
833,729,687
834,778,411
835,745,616
836,761,200
837,733,543
838,819,726
839,832,753
840,798,789
841,807,735
842,759,709
843,78,93
844,802,594
845,719,186
846,800,723
847,661,188
848,734,451
849,799,776
850,742,738
851,815,768
852,796,372
853,826,756
854,770,8
855,817,777
856,811,741
857,680,276
858,786,654
859,839,824
860,846,788
861,853,652
862,721,298
863,538,132
864,10,37
865,771,692
866,822,19
867,763,487
868,766,18
869,838,801
870,828,606
871,834,823
872,728,671
873,816,714
874,575,251
875,837,779
876,748,484
877,812,806
878,830,356
879,848,781
880,241,293
881,774,104
882,655,58
883,352,376
884,835,688
885,858,854
886,764,370
887,825,818
888,840,643
889,841,415
890,865,737
891,852,673
892,867,693
893,829,805
894,845,797
895,860,794
896,863,836
897,247,292
898,887,849
899,895,792
900,833,775
901,892,809
902,894,842
903,604,342
904,875,869
905,844,199
906,900,851
907,736,318
908,470,480
909,884,686
910,859,856
911,821,820
912,885,866
913,44,55
914,205,225
915,890,401
916,902,790
917,909,795
918,899,872
919,861,814
920,912,898
921,918,827
922,879,877
923,920,893
924,904,855
925,683,125
926,919,691
927,874,862
928,888,881
929,921,752
930,871,804
931,808,301
932,915,901
933,924,906
934,917,880
935,929,813
936,928,910
937,882,743
938,905,847
939,873,670
940,886,878
941,935,870
942,1,6
943,932,889
944,864,36
945,930,926
946,903,393
947,923,34
948,936,916
949,943,922
950,947,831
951,938,135
952,937,79
953,941,934
954,914,257
955,933,891
956,949,945
957,950,850
958,955,940
959,948,939
960,957,843
961,959,951
962,925,896
963,426,488
964,946,907
965,958,883
966,953,773
967,956,876
968,966,927
969,911,332
970,857,232
971,960,868
972,412,452
973,969,965
974,971,952
975,962,961
976,967,407
977,973,931
978,975,149
979,968,954
980,976,908
981,974,942
982,977,964
983,979,897
984,981,913
985,978,154
986,984,944
987,983,970
988,980,497
989,986,97
990,988,972
991,985,170
992,982,367
993,990,963
994,991,187
995,993,483
996,992,989
997,994,987
