701,230,378
702,241,376
703,513,565
704,701,249
705,527,570
706,99,462
707,81,459
708,381,686
709,225,678
710,299,358
711,309,632
712,511,518
713,211,387
714,257,373
715,264,654
716,374,637
717,275,644
718,274,622
719,521,559
720,715,272
721,302,348
722,380,619
723,201,301
724,614,647
725,98,469
726,340,382
727,216,284
728,51,439
729,120,194
730,46,414
731,702,639
732,318,605
733,393,633
734,113,192
735,437,463
736,718,611
737,352,353
738,82,422
739,337,628
740,92,450
741,531,599
742,229,283
743,705,600
744,5,22
745,641,691
746,75,486
747,217,285
748,608,683
749,140,165
750,56,424
751,451,485
752,293,371
753,346,356
754,23,420
755,76,430
756,737,675
757,224,359
758,708,349
759,250,320
760,428,456
761,233,355
762,727,677
763,364,685
764,47,71
765,254,372
766,207,267
767,261,631
768,287,665
769,6,481
770,73,455
771,711,603
772,204,368
773,25,413
774,9,495
775,12,58
776,606,634
777,732,362
778,104,111
779,726,363
780,742,316
781,119,173
782,226,658
783,252,643
784,731,375
785,308,617
786,255,310
787,733,296
788,650,657
789,215,315
790,713,214
791,69,448
792,67,472
793,750,41
794,112,127
795,433,499
796,549,591
797,311,655
798,213,694
799,325,383
800,776,610
801,63,412
802,164,175
803,326,630
804,212,398
805,130,149
806,52,493
807,636,662
808,205,620
809,747,615
810,251,684
811,148,174
812,692,693
813,762,298
814,266,656
815,122,191
816,30,410
817,712,507
818,306,629
819,532,551
820,772,753
821,294,343
822,279,341
823,95,415
824,508,526
825,19,29
826,804,777
827,528,579
828,330,342
829,716,292
830,265,323
831,738,483
832,730,15
833,789,258
834,740,86
835,158,168
836,400,699
837,717,670
838,784,721
839,514,525
840,709,394
841,186,195
842,754,416
843,769,728
844,26,417
845,812,613
846,751,432
847,842,477
848,268,648
849,28,434
850,780,338
851,105,179
852,775,464
853,386,682
854,27,36
855,814,757
856,791,18
857,239,357
858,242,651
859,756,276
860,770,65
861,361,645
862,538,563
863,83,442
864,515,569
865,719,542
866,160,176
867,418,474
868,109,182
869,167,178
870,222,687
871,774,40
872,14,473
873,128,161
874,848,623
875,227,616
876,43,84
877,501,505
878,739,604
879,836,803
880,771,243
881,602,679
882,808,710
883,844,453
884,790,663
885,103,196
886,800,297
887,278,659
888,351,681
889,263,642
890,832,44
891,821,350
892,248,321
893,761,388
894,270,360
895,13,444
896,810,807
897,704,673
898,830,745
899,218,231
900,314,664
901,562,567
902,524,534
903,1,409
904,720,700
905,39,452
906,831,467
907,545,582
908,492,498
909,723,238
910,884,219
911,280,329
912,262,680
913,427,496
914,3,443
915,795,16
916,247,304
917,407,419
918,788,787
919,77,431
920,546,558
921,37,475
922,88,89
923,841,802
924,519,536
925,333,335
926,307,354
927,863,435
928,385,618
929,454,480
930,202,695
931,887,878
932,817,593
933,235,347
934,797,240
935,725,491
936,544,557
937,853,223
938,879,809
939,62,497
940,748,714
941,319,666
942,820,799
943,823,476
944,42,457
945,741,585
946,237,289
947,162,184
948,833,640
949,859,767
950,106,146
951,855,758
952,904,874
953,253,601
954,806,401
955,805,188
956,913,90
957,796,743
958,746,465
959,917,735
960,406,440
961,80,97
962,245,609
963,181,190
964,783,220
965,905,87
966,331,336
967,209,334
968,734,729
969,290,399
970,520,573
971,944,764
972,933,313
973,895,404
974,916,813
975,845,273
976,843,490
977,555,556
978,854,846
979,674,688
980,948,926
981,827,522
982,819,580
983,860,78
984,963,133
985,891,228
986,773,421
987,932,581
988,572,588
989,724,652
990,847,74
991,101,166
992,782,256
993,861,837
994,876,70
995,892,828
996,303,397
997,506,594
998,850,312
999,482,500
1000,885,143
1001,509,583
1002,903,470
1003,429,484
1004,150,169
1005,858,779
1006,786,295
1007,941,722
1008,868,139
1009,867,60
1010,244,689
1011,951,918
1012,102,177
1013,392,668
1014,815,144
1015,871,852
1016,952,897
1017,552,568
1018,246,370
1019,744,66
1020,798,766
1021,994,707
1022,332,366
1023,921,834
1024,85,446
1025,7,449
1026,624,672
1027,126,183
1028,137,172
1029,794,135
1030,888,768
1031,259,344
1032,759,395
1033,915,908
1034,880,875
1035,914,816
1036,911,391
1037,517,586
1038,1028,968
1039,988,537
1040,958,458
1041,869,200
1042,950,835
1043,886,282
1044,856,849
1045,973,32
1046,10,478
1047,978,57
1048,706,79
1049,232,661
1050,935,883
1051,390,671
1052,953,894
1053,1015,468
1054,638,676
1055,889,857
1056,934,736
1057,949,910
1058,118,141
1059,946,339
1060,964,818
1061,925,912
1062,976,17
1063,1011,838
1064,749,185
1065,982,901
1066,516,553
1067,825,8
1068,1005,942
1069,566,577
1070,936,592
1071,928,626
1072,134,151
1073,48,403
1074,31,423
1075,839,578
1076,778,193
1077,801,54
1078,441,466
1079,840,752
1080,851,811
1081,993,785
1082,1002,872
1083,1026,882
1084,896,367
1085,760,49
1086,1068,826
1087,954,53
1088,990,489
1089,91,479
1090,959,793
1091,866,152
1092,271,324
1093,983,927
1094,1034,898
1095,1000,108
1096,865,574
1097,20,426
1098,1001,533
1099,1067,405
1100,1024,488
1101,1047,61
1102,987,503
1103,1007,870
1104,305,389
1105,920,561
1106,269,667
1107,163,171
1108,881,765
1109,548,564
1110,1043,1006
1111,998,996
1112,1013,909
1113,979,690
1114,1053,487
1115,939,792
1116,873,197
1117,923,170
1118,977,864
1119,1055,992
1120,1084,940
1121,203,384
1122,1056,829
1123,1044,35
1124,1019,906
1125,955,147
1126,1031,899
1127,1076,1027
1128,970,529
1129,1101,1062
1130,1045,1035
1131,1046,922
1132,997,957
1133,943,11
1134,907,902
1135,893,653
1136,1032,649
1137,328,669
1138,1033,919
1139,646,698
1140,1070,981
1141,1018,396
1142,145,154
1143,1061,1030
1144,123,131
1145,1071,260
1146,33,72
1147,945,596
1148,1052,985
1149,34,59
1150,1060,967
1151,345,607
1152,1016,974
1153,612,635
1154,1130,21
1155,965,425
1156,1081,975
1157,1010,989
1158,1065,502
1159,877,575
1160,1087,1023
1161,1111,210
1162,117,136
1163,121,187
1164,1017,589
1165,1009,460
1166,1048,445
1167,1083,938
1168,1159,571
1169,45,494
1170,1025,68
1171,55,471
1172,221,696
1173,1139,236
1174,124,138
1175,1090,971
1176,114,132
1177,1152,1020
1178,1049,900
1179,1094,937
1180,1160,1100
1181,1041,1029
1182,1124,1050
1183,1075,584
1184,1147,924
1185,1114,890
1186,1014,984
1187,115,159
1188,781,116
1189,1078,50
1190,1105,547
1191,1122,972
1192,1117,199
1193,1003,447
1194,1177,980
1195,1133,1073
1196,1091,153
1197,1064,198
1198,1123,956
1199,1128,1069
1200,1148,291
1201,1134,703
1202,1113,1054
1203,541,554
1204,1098,512
1205,1116,1008
1206,1051,931
1207,543,587
1208,1085,1021
1209,1106,627
1210,1165,64
1211,1107,129
1212,1112,1086
1213,1127,991
1214,1074,93
1215,1140,1096
1216,1129,1093
1217,1110,1022
1218,1092,966
1219,208,377
1220,1200,1079
1221,1215,1066
1222,1072,156
1223,1063,1057
1224,1103,822
1225,1125,189
1226,1102,595
1227,1188,155
1228,1185,1040
1229,1153,930
1230,1088,436
1231,1156,1120
1232,1036,288
1233,1141,300
1234,1201,1190
1235,1099,438
1236,1162,125
1237,1194,995
1238,1142,180
1239,1167,1161
1240,1175,1138
1241,1157,1119
1242,1126,277
1243,1082,408
1244,621,625
1245,1095,1080
1246,1198,96
1247,962,379
1248,1184,1039
1249,1132,1037
1250,1131,94
1251,1170,929
1252,1203,504
1253,1213,1163
1254,1174,157
1255,1232,763
1256,2,38
1257,1089,4
1258,1187,1176
1259,824,510
1260,1206,1135
1261,999,24
1262,1181,1038
1263,1229,1224
1264,1042,1012
1265,1210,402
1266,1058,107
1267,1158,1109
1268,1218,660
1269,365,369
1270,1143,1136
1271,1172,1104
1272,1271,1231
1273,1223,1191
1274,1208,461
1275,1230,1115
1276,1182,1077
1277,1097,755
1278,1262,1186
1279,1214,1166
1280,1151,1137
1281,1225,1205
1282,1227,110
1283,1239,1212
1284,1243,1169
1285,1274,1155
1286,1276,1216
1287,1226,1221
1288,1259,1164
1289,1193,1154
1290,1273,1145
1291,1270,1179
1292,1240,1235
1293,1247,697
1294,1241,1121
1295,1250,1189
1296,1211,1197
1297,1260,1150
1298,1249,1248
1299,1284,960
1300,1267,1183
1301,986,411
1302,1268,281
1303,1199,597
1304,1118,550
1305,1266,1254
1306,1195,1146
1307,1252,576
1308,1272,1108
1309,1220,1059
1310,1263,969
1311,1283,1237
1312,1251,961
1313,523,598
1314,1242,1202
1315,1261,1180
1316,1245,1192
1317,1295,1265
1318,1173,206
1319,1209,234
1320,1286,1275
1321,1291,1290
1322,1279,1257
1323,1278,1196
1324,1282,947
1325,1255,1219
1326,1256,1149
1327,1253,1004
1328,1318,1309
1329,1287,1204
1330,1207,560
1331,1315,1292
1332,1299,1246
1333,1298,1168
1334,1322,1289
1335,1310,1244
1336,1301,1285
1337,1307,1300
1338,1319,322
1339,1323,1222
1340,1320,1228
1341,1305,1264
1342,1304,1234
1343,1302,1217
1344,1327,1316
1345,1321,1311
1346,1330,590
1347,1325,1293
1348,1297,1233
1349,1343,1294
1350,1317,1306
1351,1308,1178
1352,1333,535
1353,1329,1303
1354,1339,1281
1355,1348,1314
1356,1338,1269
1357,1324,1258
1358,1353,1342
1359,1351,1345
1360,1332,1331
1361,1337,540
1362,1340,1277
1363,1336,1334
1364,1288,862
1365,1355,286
1366,1358,1352
1367,1344,1296
1368,1238,1144
1369,1363,1362
1370,1359,1335
1371,1357,1354
1372,1366,1361
1373,1371,1341
1374,1350,1171
1375,1369,1360
1376,1370,1328
1377,1373,1367
1378,1347,317
1379,1346,530
1380,1326,1312
1381,1349,1280
1382,1376,1365
1383,1375,1374
1384,1382,1381
1385,1372,1364
1386,1384,1378
1387,1383,1380
1388,1377,1368
1389,1356,327
1390,1389,1386
1391,1385,1313
1392,1379,539
1393,1388,1236
1394,1393,142
1395,1392,1391
1396,1387,100
1397,1395,1394
