701,424,488
702,372,381
703,618,619
704,541,554
705,404,423
706,562,580
707,347,374
708,417,491
709,511,588
710,133,179
711,683,684
712,228,292
713,342,364
714,620,656
715,459,490
716,506,517
717,41,47
718,616,688
719,351,358
720,254,261
721,122,191
722,450,482
723,622,634
724,103,149
725,13,35
726,708,483
727,30,31
728,34,63
729,615,630
730,304,398
731,36,40
732,521,557
733,262,289
734,325,349
735,160,176
736,278,286
737,629,632
738,707,353
739,605,673
740,644,664
741,86,95
742,431,496
743,437,492
744,416,489
745,326,383
746,502,600
747,11,48
748,645,649
749,249,284
750,403,463
751,315,340
752,388,391
753,164,168
754,514,522
755,422,432
756,393,395
757,118,141
758,410,498
759,710,182
760,212,229
761,654,665
762,27,98
763,531,596
764,367,373
765,378,386
766,17,81
767,242,248
768,138,157
769,29,53
770,236,294
771,57,99
772,552,572
773,110,130
774,709,599
775,475,500
776,147,171
777,628,690
778,18,90
779,224,243
780,256,291
781,655,681
782,735,153
783,724,139
784,310,376
785,515,555
786,313,387
787,126,183
788,309,361
789,464,481
790,453,485
791,314,365
792,516,581
793,509,593
794,603,637
795,732,518
796,219,297
797,601,675
798,456,479
799,10,66
800,23,56
801,401,487
802,202,221
803,405,438
804,716,704
805,729,633
806,746,579
807,117,166
808,717,94
809,409,448
810,754,532
811,766,12
812,726,467
813,120,152
814,736,233
815,332,384
816,253,268
817,691,694
818,558,598
819,111,200
820,652,695
821,723,718
822,742,414
823,61,79
824,643,653
825,550,565
826,173,185
827,520,528
828,443,460
829,311,360
830,774,536
831,750,493
832,50,72
833,547,582
834,429,484
835,5,22
836,280,299
837,631,687
838,792,570
839,753,186
840,676,685
841,240,290
842,328,344
843,538,576
844,621,666
845,799,747
846,529,569
847,223,250
848,54,78
849,789,465
850,749,222
851,339,394
852,352,359
853,813,178
854,425,428
855,648,668
856,80,92
857,745,307
858,788,337
859,623,671
860,230,283
861,216,265
862,16,26
863,779,214
864,420,472
865,411,495
866,730,341
867,752,400
868,821,739
869,211,298
870,559,583
871,366,385
872,796,271
873,132,181
874,642,647
875,508,567
876,705,462
877,720,285
878,158,162
879,790,436
880,213,267
881,406,434
882,306,312
883,140,175
884,837,663
885,823,725
886,759,721
887,808,8
888,800,20
889,769,28
890,542,573
891,274,296
892,112,167
893,507,533
894,781,748
895,606,682
896,109,113
897,809,480
898,824,624
899,860,275
900,862,58
901,589,594
902,447,449
903,701,444
904,877,279
905,740,636
906,190,197
907,67,76
908,743,440
909,785,549
910,839,146
911,829,765
912,355,382
913,713,336
914,115,189
915,767,217
916,602,696
917,875,584
918,686,700
919,786,756
920,470,494
921,334,356
922,830,578
923,641,677
924,106,144
925,910,883
926,804,519
927,316,377
928,867,397
929,674,697
930,277,293
931,762,65
932,134,137
933,886,782
934,345,379
935,795,577
936,545,546
937,834,715
938,831,722
939,614,651
940,845,33
941,858,719
942,357,399
943,764,323
944,442,445
945,1,14
946,338,350
947,308,335
948,894,667
949,805,761
950,102,107
951,706,568
952,922,574
953,888,728
954,4,84
955,128,143
956,639,640
957,9,89
958,801,439
959,402,466
960,608,612
961,811,69
962,787,174
963,898,672
964,897,803
965,657,699
966,850,203
967,866,751
968,816,207
969,733,269
970,825,571
971,613,692
972,950,124
973,814,259
974,914,878
975,890,810
976,931,44
977,135,192
978,812,478
979,885,25
980,105,198
981,935,592
982,832,82
983,548,564
984,116,184
985,38,91
986,915,836
987,905,679
988,119,155
989,237,300
990,407,455
991,951,793
992,904,295
993,561,575
994,330,392
995,868,604
996,712,258
997,775,457
998,909,806
999,846,591
1000,876,798
1001,784,333
1002,908,822
1003,205,255
1004,923,678
1005,206,225
1006,46,62
1007,458,469
1008,847,252
1009,926,544
1010,997,435
1011,783,163
1012,476,497
1013,872,863
1014,884,711
1015,998,827
1016,961,70
1017,907,727
1018,934,912
1019,869,210
1020,270,272
1021,949,611
1022,889,37
1023,815,738
1024,354,368
1025,843,763
1026,301,303
1027,817,617
1028,902,454
1029,187,199
1030,936,838
1031,505,534
1032,945,88
1033,948,680
1034,953,771
1035,413,421
1036,864,744
1037,523,537
1038,901,772
1039,780,770
1040,702,318
1041,929,609
1042,408,473
1043,960,820
1044,833,527
1045,900,778
1046,941,734
1047,1001,919
1048,776,101
1049,873,151
1050,1014,689
1051,260,263
1052,486,499
1053,943,348
1054,963,737
1055,913,842
1056,21,93
1057,865,427
1058,932,773
1059,807,121
1060,129,165
1061,940,15
1062,977,853
1063,1046,928
1064,859,638
1065,1009,917
1066,1045,979
1067,995,840
1068,992,966
1069,933,896
1070,760,247
1071,958,468
1072,159,172
1073,939,797
1074,978,938
1075,755,451
1076,887,51
1077,986,861
1078,985,2
1079,794,627
1080,320,375
1081,768,170
1082,892,180
1083,1061,1034
1084,1066,731
1085,1002,903
1086,227,232
1087,991,597
1088,828,415
1089,970,513
1090,927,857
1091,952,818
1092,540,566
1093,967,921
1094,937,446
1095,969,287
1096,530,543
1097,1011,925
1098,999,975
1099,802,220
1100,879,849
1101,131,156
1102,777,659
1103,1042,881
1104,1077,891
1105,841,238
1106,741,52
1107,1019,899
1108,1023,911
1109,1006,43
1110,1030,981
1111,1004,965
1112,996,235
1113,1027,670
1114,1067,669
1115,895,650
1116,1065,1015
1117,346,380
1118,319,362
1119,1050,844
1120,1038,503
1121,108,177
1122,1069,972
1123,1047,791
1124,988,826
1125,1094,433
1126,987,661
1127,1088,758
1128,1064,1033
1129,1100,1036
1130,1095,1013
1131,1055,1018
1132,204,282
1133,955,145
1134,1114,698
1135,1032,1016
1136,1085,1052
1137,1075,1000
1138,1116,870
1139,856,97
1140,1103,964
1141,1074,1012
1142,976,32
1143,419,426
1144,1089,1037
1145,1102,956
1146,1082,819
1147,1104,215
1148,1122,127
1149,947,390
1150,1097,1060
1151,1113,855
1152,1083,59
1153,226,251
1154,1068,880
1155,74,87
1156,1106,1022
1157,1044,893
1158,1071,1035
1159,1017,6
1160,123,193
1161,1059,906
1162,161,194
1163,512,556
1164,83,100
1165,1039,968
1166,1120,553
1167,984,974
1168,1021,916
1169,1125,944
1170,882,343
1171,1053,1040
1172,1007,477
1173,1166,1025
1174,1123,1090
1175,1105,1070
1176,610,625
1177,1091,1031
1178,1138,1110
1179,962,125
1180,1072,924
1181,209,245
1182,1048,142
1183,957,19
1184,626,635
1185,1161,148
1186,1079,703
1187,1171,1108
1188,1150,1148
1189,1168,714
1190,930,231
1191,1063,305
1192,1172,452
1193,1098,525
1194,1107,1099
1195,1119,662
1196,1174,851
1197,1024,852
1198,1152,1084
1199,1136,1129
1200,980,136
1201,954,85
1202,241,244
1203,1159,1142
1204,1112,201
1205,1154,1130
1206,1093,321
1207,994,317
1208,1076,982
1209,1164,835
1210,1121,1049
1211,1167,1062
1212,1141,854
1213,218,273
1214,1008,266
1215,1156,1135
1216,959,474
1217,1146,195
1218,874,658
1219,150,154
1220,1003,208
1221,257,264
1222,1199,1158
1223,920,418
1224,1212,1140
1225,1073,660
1226,1218,1195
1227,942,363
1228,1178,1087
1229,1204,1147
1230,1134,1111
1231,1137,1010
1232,1191,1080
1233,1188,1058
1234,526,539
1235,1206,1131
1236,1078,24
1237,1228,1177
1238,587,590
1239,1143,441
1240,510,585
1241,1194,973
1242,1189,1128
1243,1054,918
1244,1208,64
1245,871,331
1246,1170,389
1247,1187,324
1248,983,504
1249,1126,693
1250,42,71
1251,1209,1056
1252,1051,276
1253,1237,1173
1254,1226,1186
1255,1124,188
1256,1242,1230
1257,1215,1198
1258,1211,757
1259,1169,1127
1260,1165,239
1261,1163,1096
1262,302,369
1263,1247,1118
1264,1235,1026
1265,1219,169
1266,1139,75
1267,501,524
1268,1224,1222
1269,1193,1157
1270,1258,1233
1271,1196,1149
1272,1210,1081
1273,1254,1151
1274,1182,1180
1275,1217,1179
1276,1175,281
1277,1229,1205
1278,1271,1232
1279,1257,1244
1280,1145,1041
1281,1243,971
1282,1227,1117
1283,1214,1005
1284,1256,1043
1285,1260,1153
1286,1268,1231
1287,1160,1101
1288,1264,1263
1289,1269,1253
1290,60,73
1291,1162,1029
1292,1236,7
1293,1272,1270
1294,1288,1278
1295,1279,1203
1296,1289,1144
1297,1284,1273
1298,1286,1259
1299,1283,1241
1300,1190,989
1301,1201,848
1302,1207,329
1303,1281,1115
1304,1293,1255
1305,1277,1086
1306,1267,993
1307,1304,1274
1308,1305,1299
1309,1221,1020
1310,1265,196
1311,1295,1251
1312,1303,1297
1313,1248,1092
1314,1261,1238
1315,1246,322
1316,1311,1250
1317,1298,1028
1318,1307,1275
1319,1312,1225
1320,1285,1213
1321,1183,1109
1322,1319,1249
1323,1313,1296
1324,1321,1316
1325,1317,1057
1326,1223,471
1327,1200,1185
1328,1325,990
1329,1308,1220
1330,1294,1282
1331,1291,1133
1332,1202,288
1333,39,96
1334,1329,1320
1335,1323,1306
1336,1216,430
1337,1330,1197
1338,607,646
1339,1328,412
1340,1322,1280
1341,1334,1276
1342,1324,45
1343,1327,1318
1344,1245,371
1345,1266,49
1346,1342,1301
1347,1344,1302
1348,1262,370
1349,1337,1315
1350,1341,1252
1351,1339,1326
1352,1351,1192
1353,1349,946
1354,1350,1300
1355,1343,1331
1356,1346,1292
1357,1353,1347
1358,1356,1155
1359,1340,1176
1360,1335,1240
1361,1352,1239
1362,1354,1332
1363,1181,246
1364,1360,586
1365,1355,1310
1366,1358,1345
1367,1362,1309
1368,1361,1336
1369,1365,1287
1370,1364,1314
1371,1234,560
1372,1357,1348
1373,1367,1132
1374,1371,1370
1375,1373,1363
1376,1359,1184
1377,1368,461
1378,1374,535
1379,1366,1333
1380,1378,551
1381,1380,563
1382,1379,68
1383,1372,327
1384,1382,1290
1385,1369,114
1386,1376,1338
1387,1375,234
1388,1384,3
1389,1388,77
1390,1381,595
1391,1383,396
1392,1385,104
1393,1389,55
1394,1391,1387
1395,1394,1392
1396,1393,1377
1397,1396,1390
