501,355,377
502,16,86
503,306,393
504,137,175
505,7,73
506,422,493
507,29,52
508,207,288
509,267,291
510,136,151
511,331,335
512,5,14
513,223,279
514,203,286
515,109,119
516,2,11
517,443,453
518,113,153
519,309,381
520,228,278
521,118,147
522,45,71
523,27,46
524,201,230
525,126,169
526,266,295
527,434,456
528,258,297
529,462,486
530,85,89
531,312,388
532,64,80
533,239,277
534,127,183
535,413,473
536,74,76
537,429,436
538,321,352
539,364,387
540,101,189
541,308,371
542,409,447
543,313,369
544,343,399
545,340,400
546,440,458
547,224,280
548,42,70
549,268,294
550,138,164
551,509,237
552,215,265
553,88,98
554,146,190
555,334,368
556,217,252
557,22,69
558,9,32
559,510,504
560,17,99
561,28,56
562,450,491
563,503,344
564,202,272
565,128,200
566,139,155
567,206,246
568,311,333
569,157,162
570,465,482
571,220,290
572,152,193
573,524,281
574,531,519
575,107,158
576,520,254
577,543,315
578,549,270
579,406,466
580,216,221
581,423,433
582,505,23
583,66,91
584,257,282
585,327,396
586,316,374
587,145,178
588,112,144
589,565,534
590,349,359
591,240,247
592,322,350
593,416,496
594,303,329
595,459,492
596,525,179
597,172,184
598,556,261
599,428,467
600,414,500
601,460,472
602,561,548
603,60,96
604,326,354
605,245,298
606,310,341
607,82,90
608,408,444
609,552,227
610,120,148
611,339,366
612,125,168
613,511,390
614,542,527
615,476,487
616,502,8
617,437,464
618,156,191
619,233,248
620,562,494
621,403,461
622,600,401
623,533,289
624,506,468
625,523,30
626,560,536
627,432,445
628,18,84
629,243,264
630,587,176
631,212,234
632,545,373
633,430,469
634,451,495
635,585,538
636,59,94
637,513,213
638,435,454
639,590,320
640,508,296
641,260,299
642,515,150
643,463,475
644,526,229
645,55,100
646,149,185
647,417,481
648,142,166
649,551,292
650,302,319
651,601,499
652,231,241
653,3,31
654,540,160
655,550,521
656,604,501
657,563,362
658,586,325
659,569,167
660,611,568
661,214,285
662,567,208
663,596,102
664,605,573
665,111,197
666,106,171
667,626,582
668,421,490
669,517,410
670,253,269
671,599,498
672,662,514
673,530,47
674,114,182
675,438,455
676,363,398
677,539,345
678,535,419
679,574,323
680,645,61
681,427,439
682,103,174
683,222,244
684,238,287
685,129,161
686,516,92
687,53,87
688,36,62
689,566,117
690,555,317
691,592,577
692,665,122
693,630,140
694,589,518
695,637,262
696,522,81
697,644,284
698,627,529
699,588,105
700,641,598
701,610,559
702,625,25
703,37,72
704,613,382
705,597,199
706,219,259
707,532,4
708,557,33
709,633,442
710,655,195
711,680,603
712,564,528
713,123,124
714,35,50
715,337,375
716,204,242
717,628,507
718,307,378
719,609,578
720,714,48
721,654,180
722,110,131
723,39,65
724,656,361
725,602,553
726,679,397
727,648,163
728,607,79
729,677,301
730,657,392
731,647,620
732,544,372
733,681,595
734,570,485
735,640,619
736,638,449
737,616,512
738,675,418
739,673,13
740,701,689
741,671,579
742,554,121
743,635,336
744,685,612
745,686,77
746,712,697
747,580,576
748,614,608
749,708,78
750,693,192
751,639,356
752,351,384
753,747,683
754,715,314
755,700,547
756,690,594
757,704,380
758,584,225
759,404,457
760,591,211
761,691,632
762,332,376
763,742,694
764,731,446
765,235,283
766,730,676
767,726,379
768,667,15
769,583,1
770,684,631
771,710,159
772,353,385
773,699,682
774,722,132
775,702,21
776,692,575
777,669,634
778,537,412
779,304,358
780,664,255
781,405,431
782,741,678
783,51,67
784,218,226
785,748,733
786,41,75
787,698,651
788,660,606
789,452,479
790,622,478
791,709,624
792,724,718
793,739,95
794,780,735
795,670,649
796,666,181
797,40,83
798,781,477
799,12,38
800,769,711
801,643,615
802,756,743
803,766,338
804,663,618
805,802,767
806,687,57
807,650,330
808,720,43
809,19,44
810,750,727
811,474,480
812,346,347
813,754,370
814,761,729
815,740,721
816,688,20
817,768,728
818,785,546
819,232,275
820,273,300
821,348,394
822,771,165
823,788,658
824,719,716
825,763,646
826,753,623
827,706,209
828,760,210
829,772,365
830,776,154
831,764,621
832,755,661
833,737,725
834,483,489
835,777,402
836,832,746
837,696,24
838,703,636
839,770,250
840,757,732
841,778,617
842,800,775
843,774,108
844,801,791
845,795,794
846,115,143
847,804,659
848,629,276
849,814,805
850,773,141
851,736,668
852,825,815
853,831,787
854,810,642
855,839,695
856,817,707
857,824,672
858,818,424
859,10,26
860,790,593
861,705,198
862,809,793
863,54,68
864,745,653
865,822,674
866,652,236
867,792,541
868,858,835
869,849,803
870,758,251
871,854,744
872,857,826
873,853,738
874,116,196
875,841,734
876,177,187
877,864,808
878,305,395
879,415,484
880,806,797
881,865,852
882,873,851
883,812,383
884,828,571
885,869,840
886,581,420
887,821,386
888,837,717
889,833,6
890,868,782
891,856,749
892,713,134
893,885,823
894,872,263
895,830,135
896,855,845
897,751,367
898,890,844
899,843,194
900,896,894
901,838,816
902,783,34
903,900,836
904,891,842
905,881,861
906,846,796
907,898,882
908,867,752
909,897,391
910,863,786
911,411,471
912,884,271
913,904,888
914,905,847
915,908,893
916,829,342
917,913,877
918,915,909
919,813,360
920,875,860
921,914,871
922,572,133
923,798,488
924,827,765
925,862,558
926,906,895
927,925,917
928,889,723
929,407,425
930,870,293
931,920,907
932,921,850
933,130,173
934,912,903
935,932,926
936,919,918
937,928,927
938,878,779
939,930,848
940,923,811
941,934,924
942,936,887
943,937,880
944,935,892
945,942,762
946,943,901
947,933,874
948,945,916
949,941,820
950,946,902
951,931,789
952,944,899
953,426,470
954,939,866
955,324,389
956,951,940
957,948,883
958,911,886
959,957,938
960,807,318
961,950,910
962,960,959
963,952,188
964,956,448
965,954,949
966,964,759
967,965,819
968,961,799
969,879,497
970,966,958
971,967,249
972,962,328
973,963,922
974,973,947
975,968,97
976,971,274
977,972,357
978,970,929
979,976,205
980,978,969
981,104,186
982,974,876
983,975,859
984,979,784
985,983,49
986,980,834
987,984,256
988,986,953
989,985,63
990,982,981
991,988,441
992,977,955
993,989,58
994,993,93
995,990,170
996,995,987
997,994,992
