701,511,557
702,506,521
703,701,588
704,372,381
705,483,491
706,683,684
707,326,383
708,404,423
709,541,554
710,424,488
711,562,580
712,254,261
713,618,619
714,459,490
715,133,179
716,431,496
717,347,374
718,622,667
719,305,395
720,616,688
721,70,81
722,118,141
723,292,296
724,518,537
725,342,364
726,143,164
727,522,532
728,509,593
729,28,53
730,605,673
731,13,35
732,633,665
733,122,191
734,310,376
735,450,482
736,417,467
737,620,656
738,351,358
739,41,47
740,233,286
741,86,95
742,422,432
743,529,569
744,437,492
745,736,478
746,12,17
747,103,149
748,515,555
749,160,176
750,275,283
751,146,168
752,378,386
753,36,40
754,30,31
755,304,398
756,615,630
757,644,664
758,717,313
759,727,514
760,740,278
761,34,63
762,147,171
763,262,289
764,624,653
765,629,632
766,410,498
767,249,284
768,325,349
769,729,29
770,502,600
771,18,90
772,610,634
773,11,48
774,212,229
775,416,489
776,715,182
777,645,649
778,120,152
779,388,391
780,315,340
781,163,165
782,235,287
783,574,599
784,403,463
785,464,481
786,531,596
787,401,449
788,138,157
789,749,153
790,279,285
791,367,373
792,311,360
793,328,336
794,119,130
795,405,438
796,603,637
797,242,248
798,27,98
799,628,690
800,236,294
801,352,359
802,691,694
803,456,479
804,332,384
805,703,570
806,309,361
807,552,572
808,353,393
809,57,99
810,791,316
811,475,500
812,612,695
813,256,291
814,655,681
815,20,66
816,224,243
817,745,705
818,126,174
819,747,139
820,732,654
821,601,675
822,49,51
823,314,365
824,409,448
825,547,565
826,453,485
827,219,297
828,202,221
829,516,581
830,429,484
831,746,721
832,770,579
833,420,472
834,631,663
835,344,345
836,253,268
837,779,377
838,213,267
839,716,414
840,528,544
841,240,290
842,709,702
843,117,166
844,23,56
845,751,186
846,778,178
847,794,110
848,61,79
849,714,708
850,753,67
851,443,460
852,1,14
853,739,94
854,210,211
855,829,805
856,50,72
857,16,46
858,558,598
859,738,719
860,111,200
861,772,718
862,797,280
863,750,230
864,842,517
865,821,648
866,812,652
867,508,567
868,173,185
869,5,22
870,783,578
871,657,699
872,710,493
873,723,228
874,834,687
875,707,307
876,109,113
877,623,671
878,80,92
879,806,337
880,848,731
881,757,636
882,621,666
883,767,214
884,643,672
885,339,394
886,444,495
887,54,78
888,730,720
889,330,392
890,674,697
891,135,158
892,785,465
893,761,33
894,538,576
895,366,385
896,790,712
897,132,181
898,676,685
899,425,428
900,505,534
901,758,387
902,642,647
903,787,447
904,223,250
905,759,536
906,435,457
907,10,74
908,853,8
909,341,346
910,148,175
911,2,38
912,872,744
913,571,594
914,641,677
915,559,583
916,402,466
917,216,265
918,891,106
919,115,189
920,486,487
921,798,65
922,820,756
923,776,733
924,815,773
925,837,400
926,840,519
927,827,271
928,306,312
929,606,682
930,766,442
931,406,434
932,883,222
933,867,584
934,857,26
935,760,227
936,784,735
937,780,755
938,826,436
939,792,752
940,542,573
941,824,480
942,781,140
943,617,668
944,748,549
945,793,725
946,764,659
947,507,533
948,112,134
949,808,768
950,814,777
951,830,445
952,742,451
953,545,546
954,455,476
955,825,582
956,888,604
957,323,348
958,602,639
959,308,335
960,232,299
961,190,197
962,711,597
963,734,375
964,357,399
965,116,184
966,9,89
967,706,696
968,924,893
969,923,789
970,861,686
971,728,568
972,355,382
973,896,295
974,855,832
975,862,217
976,722,124
977,561,575
978,334,356
979,614,651
980,470,494
981,841,238
982,277,293
983,831,69
984,901,859
985,704,318
986,920,421
987,839,419
988,880,58
989,743,591
990,151,192
991,25,87
992,807,589
993,925,397
994,875,810
995,102,107
996,941,795
997,849,446
998,881,679
999,548,564
1000,890,609
1001,876,162
1002,854,298
1003,338,350
1004,458,469
1005,408,473
1006,863,251
1007,874,865
1008,906,811
1009,155,198
1010,613,692
1011,4,84
1012,948,144
1013,37,82
1014,818,183
1015,914,871
1016,270,272
1017,724,523
1018,949,879
1019,921,44
1020,905,864
1021,935,259
1022,833,803
1023,333,390
1024,226,263
1025,836,207
1026,763,269
1027,407,440
1028,943,802
1029,237,300
1030,950,877
1031,873,274
1032,852,88
1033,894,786
1034,942,845
1035,970,698
1036,205,255
1037,984,823
1038,936,817
1039,968,844
1040,972,801
1041,969,127
1042,726,128
1043,975,258
1044,963,320
1045,988,771
1046,990,897
1047,439,468
1048,816,220
1049,577,592
1050,922,611
1051,986,413
1052,971,962
1053,206,225
1054,843,121
1055,915,520
1056,301,303
1057,866,608
1058,987,912
1059,114,137
1060,187,199
1061,904,252
1062,1049,974
1063,994,368
1064,1027,954
1065,989,940
1066,952,462
1067,754,76
1068,934,62
1069,911,809
1070,884,765
1071,958,737
1072,813,800
1073,1020,944
1074,762,101
1075,159,172
1076,1034,819
1077,1028,670
1078,932,203
1079,956,898
1080,1018,909
1081,860,170
1082,1006,774
1083,1022,886
1084,892,499
1085,918,846
1086,1001,919
1087,540,566
1088,799,640
1089,938,775
1090,973,960
1091,983,850
1092,21,93
1093,985,939
1094,997,903
1095,929,627
1096,992,503
1097,1039,907
1098,1013,856
1099,926,524
1100,7,91
1101,1032,966
1102,910,180
1103,955,527
1104,131,156
1105,1005,996
1106,1043,215
1107,945,835
1108,889,329
1109,105,188
1110,510,585
1111,902,625
1112,796,680
1113,978,937
1114,1041,995
1115,513,550
1116,1063,1040
1117,1073,1062
1118,1048,927
1119,908,741
1120,1024,260
1121,928,389
1122,1076,129
1123,1106,917
1124,354,379
1125,1035,1007
1126,204,266
1127,1070,946
1128,930,851
1129,1002,828
1130,530,543
1131,1099,501
1132,201,281
1133,1012,108
1134,1094,1038
1135,1033,870
1136,1080,993
1137,868,847
1138,1123,1031
1139,319,362
1140,1019,32
1141,788,177
1142,1097,59
1143,15,71
1144,1026,782
1145,1060,125
1146,953,858
1147,209,246
1148,947,913
1149,1052,933
1150,1093,957
1151,1090,1078
1152,1083,1058
1153,1015,678
1154,1091,991
1155,1079,669
1156,1050,1030
1157,887,52
1158,967,662
1159,1069,100
1160,1068,869
1161,998,661
1162,1055,539
1163,1125,1111
1164,1095,650
1165,1133,167
1166,1136,1037
1167,1115,1017
1168,1119,769
1169,1105,931
1170,123,145
1171,878,97
1172,302,380
1173,1082,1072
1174,1122,1086
1175,1000,638
1176,1101,19
1177,882,713
1178,1168,1045
1179,1074,1009
1180,1144,1118
1181,1152,1084
1182,1044,959
1183,1114,976
1184,1051,1047
1185,981,247
1186,1011,85
1187,1134,1089
1188,1128,415
1189,1148,1103
1190,426,441
1191,1120,1025
1192,1149,1117
1193,804,324
1194,1066,1008
1195,1057,660
1196,1054,961
1197,1088,1071
1198,1135,1096
1199,1146,900
1200,512,556
1201,1067,6
1202,1053,838
1203,411,427
1204,1004,477
1205,1061,1036
1206,161,194
1207,1166,1116
1208,1023,371
1209,1163,1155
1210,1159,1142
1211,241,244
1212,982,231
1213,916,474
1214,1081,195
1215,1156,646
1216,1183,1174
1217,1178,1154
1218,626,635
1219,1204,452
1220,1085,1046
1221,1113,1107
1222,208,245
1223,1179,142
1224,1180,1151
1225,218,273
1226,1126,282
1227,1198,553
1228,979,689
1229,1121,343
1230,1220,965
1231,1187,1181
1232,1165,1102
1233,560,590
1234,154,196
1235,1192,1131
1236,1188,951
1237,1215,1077
1238,1170,1104
1239,822,83
1240,1145,1042
1241,1014,193
1242,1221,1207
1243,1185,1173
1244,1235,1189
1245,899,497
1246,1161,1153
1247,1210,1143
1248,1098,43
1249,1237,1127
1250,1182,885
1251,1065,525
1252,257,264
1253,1201,1140
1254,1160,39
1255,1230,1216
1256,1217,45
1257,1169,1064
1258,1197,1158
1259,1202,1021
1260,1112,693
1261,980,418
1262,895,331
1263,964,363
1264,1250,1208
1265,1195,1177
1266,1249,1209
1267,1244,1227
1268,1191,1129
1269,1234,150
1270,1200,1130
1271,1108,317
1272,1224,1138
1273,1141,1137
1274,1150,1139
1275,1242,1056
1276,504,586
1277,1231,1184
1278,1259,1205
1279,1190,412
1280,1176,64
1281,1232,1214
1282,1261,1257
1283,1254,1247
1284,1203,433
1285,1256,1253
1286,1100,24
1287,60,73
1288,1092,68
1289,1277,1245
1290,1262,1193
1291,1269,169
1292,1267,1167
1293,1285,1248
1294,1172,321
1295,1275,1274
1296,1292,1199
1297,1283,42
1298,1109,1075
1299,1171,75
1300,369,370
1301,1289,1194
1302,1272,1268
1303,1258,1164
1304,1281,1255
1305,1162,587
1306,1278,1212
1307,1304,1273
1308,1229,322
1309,1301,1236
1310,1295,1264
1311,1243,1016
1312,1266,1246
1313,1223,1196
1314,1297,1293
1315,1239,1157
1316,1265,700
1317,1309,1282
1318,1312,1303
1319,1311,1302
1320,1314,1280
1321,1307,1298
1322,1296,1276
1323,1240,1206
1324,1241,1238
1325,1251,563
1326,1322,977
1327,1315,1186
1328,1318,1175
1329,1319,1306
1330,1316,1228
1331,1328,1260
1332,1321,1313
1333,1087,999
1334,1331,1010
1335,1147,1029
1336,1326,1305
1337,1310,1271
1338,1270,1233
1339,1337,1290
1340,1332,1323
1341,1339,1263
1342,1317,1213
1343,1336,1325
1344,1333,1110
1345,1334,1330
1346,1211,288
1347,1342,1279
1348,1347,1284
1349,1327,1320
1350,1341,1308
1351,234,276
1352,1344,1343
1353,1124,1003
1354,1345,658
1355,1349,1288
1356,1335,1329
1357,1340,1324
1358,1353,1350
1359,1356,239
1360,1348,1219
1361,1225,1222
1362,1358,1294
1363,1359,1346
1364,1357,1291
1365,1363,1226
1366,1365,1132
1367,1360,454
1368,1352,1338
1369,1366,1361
1370,1355,1286
1371,1370,1299
1372,1362,1300
1373,1369,1252
1374,1368,535
1375,1364,1059
1376,1367,471
1377,1354,1218
1378,1372,327
1379,1374,551
1380,1376,461
1381,1371,1287
1382,1379,526
1383,1373,1351
1384,1381,96
1385,1377,607
1386,1384,3
1387,1375,136
1388,1386,77
1389,1378,396
1390,1382,595
1391,1380,430
1392,1387,104
1393,1388,55
1394,1389,1383
1395,1393,1390
1396,1394,1392
1397,1395,1391
