301,262,266
302,122,190
303,223,294
304,26,91
305,160,189
306,157,175
307,284,292
308,152,170
309,201,207
310,220,250
311,278,298
312,240,252
313,111,135
314,107,121
315,158,191
316,112,199
317,235,276
318,105,127
319,113,168
320,114,188
321,18,47
322,283,293
323,167,185
324,236,263
325,163,171
326,213,230
327,308,119
328,272,297
329,303,290
330,56,83
331,16,44
332,251,275
333,246,264
334,320,156
335,4,85
336,155,195
337,48,99
338,321,55
339,268,295
340,50,95
341,318,131
342,217,218
343,38,64
344,35,79
345,301,300
346,257,260
347,9,13
348,206,242
349,345,289
350,73,82
351,335,75
352,101,161
353,326,214
354,313,103
355,205,273
356,23,27
357,322,307
358,306,136
359,172,174
360,304,71
361,40,59
362,6,65
363,316,197
364,325,302
365,116,153
366,54,72
367,314,166
368,319,120
369,115,128
370,31,52
371,310,203
372,333,265
373,125,181
374,363,162
375,8,43
376,245,261
377,12,84
378,15,25
379,1,78
380,67,86
381,22,45
382,344,90
383,357,311
384,216,227
385,154,182
386,244,286
387,241,296
388,239,277
389,147,151
390,14,33
391,305,176
392,332,253
393,109,146
394,30,100
395,365,341
396,331,46
397,256,285
398,359,132
399,42,57
400,329,224
401,28,36
402,361,94
403,60,87
404,130,177
405,7,68
406,58,81
407,19,63
408,336,315
409,208,299
410,20,49
411,349,226
412,374,334
413,62,98
414,309,238
415,24,34
416,51,88
417,210,219
418,372,355
419,41,70
420,327,143
421,353,328
422,411,212
423,323,164
424,414,383
425,387,270
426,178,180
427,421,267
428,165,196
429,347,80
430,93,96
431,343,11
432,102,110
433,384,339
434,406,362
435,348,204
436,402,350
437,412,368
438,376,317
439,369,144
440,404,106
441,150,187
442,434,21
443,356,338
444,418,371
445,381,370
446,420,117
447,229,247
448,351,330
449,405,377
450,436,5
451,137,145
452,413,410
453,446,367
454,390,10
455,342,324
456,386,222
457,391,354
458,433,400
459,407,366
460,234,258
461,398,395
462,159,198
463,225,255
464,417,243
465,373,364
466,396,378
467,416,401
468,403,399
469,77,89
470,133,193
471,392,231
472,108,179
473,340,76
474,126,140
475,415,37
476,337,29
477,439,183
478,215,221
479,422,312
480,455,271
481,428,194
482,423,134
483,425,280
484,375,66
485,474,184
486,440,389
487,444,424
488,466,360
489,454,17
490,169,186
491,448,442
492,129,148
493,447,233
494,461,393
495,487,471
496,408,118
497,450,443
498,435,209
499,492,432
500,451,123
501,459,430
502,486,104
503,475,449
504,464,409
505,385,352
506,457,453
507,438,427
508,472,426
509,269,287
510,379,97
511,394,382
512,495,479
513,496,481
514,497,445
515,476,39
516,482,465
517,473,431
518,491,452
519,513,437
520,456,397
521,469,380
522,494,192
523,480,254
524,458,237
525,501,429
526,463,346
527,509,483
528,484,468
529,522,139
530,3,69
531,485,149
532,516,506
533,503,467
534,279,282
535,512,498
536,211,281
537,529,441
538,518,514
539,504,249
540,32,61
541,502,200
542,507,274
543,532,519
544,505,462
545,419,2
546,535,524
547,460,388
548,543,537
549,517,488
550,521,511
551,538,525
552,228,232
553,248,288
554,523,520
555,542,526
556,549,533
557,477,124
558,553,291
559,541,531
560,551,528
561,554,546
562,545,515
563,555,527
564,560,556
565,508,470
566,561,539
567,564,550
568,500,138
569,566,563
570,548,544
571,559,141
572,490,358
573,510,489
574,536,493
575,540,530
576,547,478
577,565,499
578,142,173
579,534,259
580,571,570
581,576,569
582,567,74
583,582,573
584,583,562
585,580,557
586,581,558
587,586,574
588,585,572
589,588,577
590,584,575
591,589,568
592,591,578
593,587,552
594,593,579
595,590,53
596,594,202
597,595,92
