501,113,153
502,126,142
503,228,278
504,406,498
505,206,231
506,118,147
507,137,139
508,430,481
509,122,196
510,207,295
511,309,312
512,16,86
513,316,354
514,25,27
515,260,281
516,252,258
517,28,91
518,313,369
519,237,255
520,217,280
521,355,377
522,202,224
523,5,71
524,111,197
525,445,460
526,13,85
527,167,179
528,267,272
529,103,138
530,321,352
531,156,178
532,320,349
533,146,190
534,414,459
535,7,73
536,422,493
537,310,335
538,512,23
539,136,145
540,381,397
541,462,486
542,446,464
543,314,390
544,265,291
545,453,491
546,32,33
547,248,297
548,105,168
549,437,469
550,345,364
551,435,454
552,450,478
553,418,438
554,434,456
555,243,264
556,219,229
557,538,74
558,503,254
559,417,442
560,82,99
561,131,165
562,30,46
563,507,151
564,47,89
565,440,458
566,334,368
567,513,325
568,56,100
569,473,480
570,474,500
571,101,121
572,29,52
573,140,192
574,127,180
575,109,119
576,346,370
577,177,189
578,550,387
579,201,230
580,2,14
581,306,344
582,285,296
583,471,492
584,246,273
585,244,245
586,4,64
587,63,66
588,540,396
589,340,400
590,330,384
591,506,164
592,169,195
593,148,184
594,42,70
595,529,112
596,110,143
597,233,261
598,477,482
599,472,499
600,519,208
601,17,76
602,336,386
603,213,239
604,215,287
605,581,363
606,149,185
607,548,502
608,115,158
609,554,451
610,83,90
611,421,447
612,522,284
613,411,479
614,333,359
615,311,358
616,595,174
617,302,319
618,520,210
619,545,504
620,242,294
621,518,315
622,256,283
623,539,531
624,511,388
625,514,35
626,586,34
627,124,171
628,510,505
629,528,269
630,271,289
631,348,394
632,534,494
633,521,322
634,580,523
635,564,67
636,176,191
637,516,225
638,331,339
639,108,194
640,223,279
641,579,268
642,599,432
643,533,150
644,635,526
645,629,253
646,410,475
647,429,436
648,613,559
649,476,487
650,501,128
651,592,102
652,22,65
653,129,161
654,444,490
655,553,455
656,54,61
657,572,84
658,618,299
659,565,465
660,535,92
661,574,183
662,88,98
663,10,31
664,203,286
665,600,544
666,329,399
667,515,282
668,622,222
669,551,424
670,327,372
671,209,214
672,583,466
673,403,461
674,9,43
675,584,212
676,532,356
677,303,357
678,53,59
679,601,560
680,132,200
681,433,495
682,591,159
683,637,235
684,557,51
685,638,543
686,175,198
687,552,443
688,11,19
689,628,288
690,576,337
691,593,172
692,641,558
693,588,323
694,308,371
695,343,382
696,634,60
697,379,380
698,672,619
699,689,221
700,577,575
701,677,566
702,55,96
703,307,378
704,606,123
705,163,181
706,152,193
707,605,317
708,652,69
709,620,204
710,45,50
711,621,350
712,508,457
713,549,542
714,594,8
715,636,623
716,547,227
717,659,416
718,685,537
719,614,567
720,428,467
721,646,463
722,318,398
723,562,72
724,556,270
725,568,517
726,645,266
727,536,468
728,563,117
729,326,361
730,660,546
731,157,162
732,80,93
733,240,247
734,590,374
735,608,596
736,609,409
737,669,449
738,651,571
739,658,612
740,707,393
741,693,530
742,640,262
743,625,21
744,616,155
745,665,292
746,427,439
747,598,485
748,725,1
749,663,37
750,401,452
751,712,648
752,589,383
753,220,290
754,304,362
755,679,36
756,671,582
757,570,541
758,603,277
759,701,666
760,715,573
761,670,391
762,402,420
763,661,160
764,720,698
765,716,597
766,413,419
767,524,107
768,655,431
769,662,94
770,681,423
771,607,166
772,667,604
773,738,643
774,700,125
775,642,525
776,772,298
777,654,611
778,114,182
779,234,238
780,724,259
781,630,211
782,729,624
783,726,683
784,746,408
785,728,627
786,752,373
787,692,675
788,20,62
789,730,674
790,626,610
791,741,676
792,714,684
793,664,241
794,561,527
795,755,723
796,709,263
797,644,95
798,763,650
799,779,250
800,791,633
801,699,216
802,748,587
803,718,695
804,774,653
805,719,615
806,732,87
807,743,688
808,631,602
809,251,257
810,744,682
811,777,736
812,41,58
813,756,236
814,555,276
815,802,792
816,392,395
817,771,705
818,708,78
819,764,632
820,734,617
821,18,48
822,747,737
823,783,765
824,26,57
825,721,687
826,657,6
827,727,713
828,360,375
829,341,366
830,775,757
831,801,787
832,784,425
833,807,789
834,790,696
835,578,301
836,766,484
837,823,739
838,106,173
839,702,656
840,740,338
841,833,710
842,834,795
843,806,678
844,831,585
845,794,704
846,773,760
847,40,68
848,808,697
849,569,470
850,819,673
851,805,347
852,785,686
853,767,154
854,815,79
855,776,758
856,816,754
857,796,793
858,782,711
859,841,797
860,799,742
861,844,668
862,786,759
863,342,365
864,846,810
865,854,769
866,509,199
867,817,134
868,828,328
869,845,731
870,800,385
871,852,691
872,3,24
873,717,496
874,847,75
875,770,762
876,781,753
877,837,745
878,680,639
879,827,751
880,867,735
881,703,694
882,857,300
883,870,858
884,813,218
885,829,351
886,877,855
887,868,690
888,859,842
889,883,761
890,830,825
891,788,15
892,809,226
893,811,768
894,232,275
895,849,836
896,405,412
897,879,647
898,885,332
899,850,497
900,804,120
901,133,186
902,818,39
903,856,840
904,869,864
905,899,873
906,871,798
907,888,865
908,886,861
909,872,38
910,889,803
911,882,780
912,893,822
913,866,104
914,910,851
915,900,141
916,897,649
917,835,367
918,908,860
919,880,853
920,862,376
921,824,749
922,838,116
923,905,890
924,906,904
925,814,293
926,848,820
927,912,750
928,920,914
929,907,839
930,918,884
931,927,923
932,895,415
933,902,826
934,924,919
935,929,891
936,876,733
937,931,916
938,930,911
939,903,722
940,934,778
941,928,917
942,940,915
943,941,926
944,483,489
945,706,188
946,935,933
947,938,936
948,943,939
949,946,843
950,937,832
951,324,389
952,874,812
953,948,887
954,44,77
955,949,821
956,950,932
957,947,249
958,953,881
959,955,921
960,945,135
961,942,878
962,951,353
963,922,913
964,958,898
965,956,875
966,959,909
967,966,81
968,894,205
969,957,925
970,963,961
971,967,12
972,965,896
973,969,892
974,970,960
975,901,187
976,971,97
977,976,952
978,974,144
979,977,954
980,972,448
981,426,488
982,973,968
983,964,863
984,978,130
985,979,49
986,983,305
987,986,962
988,980,404
989,984,975
990,982,274
991,988,944
992,991,441
993,992,981
994,993,407
995,989,170
996,995,990
997,987,985
