501,16,86
502,7,73
503,306,393
504,422,493
505,29,52
506,137,151
507,267,291
508,5,14
509,203,286
510,109,119
511,136,145
512,2,11
513,223,279
514,126,169
515,201,230
516,45,71
517,266,295
518,258,297
519,434,456
520,27,46
521,228,278
522,74,76
523,239,277
524,64,80
525,321,352
526,101,189
527,147,164
528,409,447
529,153,183
530,462,486
531,429,436
532,312,388
533,224,280
534,8,70
535,364,387
536,215,265
537,506,139
538,440,458
539,217,252
540,88,98
541,507,237
542,85,89
543,268,294
544,381,397
545,532,309
546,334,368
547,202,272
548,340,382
549,9,32
550,343,399
551,406,453
552,465,482
553,511,178
554,112,138
555,315,400
556,521,254
557,515,281
558,503,344
559,316,374
560,66,91
561,17,99
562,220,290
563,118,190
564,127,128
565,157,162
566,107,158
567,152,193
568,322,350
569,416,496
570,525,396
571,514,179
572,172,184
573,257,282
574,355,377
575,539,261
576,42,56
577,311,333
578,473,491
579,555,369
580,543,270
581,60,96
582,459,492
583,82,90
584,326,354
585,529,200
586,428,450
587,22,69
588,310,341
589,554,174
590,303,329
591,320,349
592,156,191
593,240,247
594,502,23
595,576,534
596,327,373
597,523,289
598,335,390
599,504,468
600,403,461
601,423,433
602,401,500
603,520,30
604,460,472
605,528,519
606,563,195
607,308,331
608,557,298
609,451,495
610,288,296
611,435,454
612,212,234
613,536,227
614,408,444
615,120,148
616,541,292
617,339,366
618,142,166
619,510,150
620,513,213
621,231,241
622,517,229
623,585,564
624,125,160
625,410,463
626,553,176
627,417,481
628,531,437
629,559,325
630,446,494
631,207,221
632,558,362
633,512,100
634,591,359
635,113,175
636,117,155
637,579,313
638,413,419
639,561,522
640,421,490
641,606,527
642,111,197
643,59,94
644,260,299
645,565,167
646,438,455
647,430,469
648,233,248
649,467,498
650,253,269
651,3,31
652,363,384
653,302,319
654,542,28
655,571,102
656,238,287
657,206,222
658,214,285
659,509,208
660,608,219
661,323,385
662,123,149
663,53,87
664,594,92
665,36,62
666,581,55
667,530,432
668,546,545
669,508,501
670,620,262
671,570,544
672,516,81
673,637,568
674,654,47
675,18,84
676,476,487
677,129,161
678,586,478
679,244,245
680,572,199
681,626,537
682,551,466
683,642,122
684,622,284
685,625,475
686,659,246
687,307,378
688,547,518
689,584,346
690,664,633
691,644,575
692,524,4
693,617,577
694,105,141
695,37,72
696,35,48
697,596,590
698,131,185
699,33,78
700,618,163
701,114,182
702,631,216
703,583,79
704,598,380
705,647,405
706,696,50
707,535,345
708,526,180
709,632,392
710,611,449
711,675,505
712,168,181
713,668,379
714,361,398
715,12,61
716,550,372
717,681,615
718,646,418
719,649,582
720,414,464
721,667,445
722,699,587
723,652,351
724,595,540
725,589,103
726,678,604
727,688,684
728,600,499
729,124,171
730,634,356
731,301,348
732,691,533
733,702,657
734,682,609
735,623,121
736,332,376
737,442,457
738,566,110
739,613,580
740,314,337
741,427,439
742,709,338
743,630,627
744,573,225
745,636,116
746,603,21
747,614,605
748,661,574
749,638,578
750,673,548
751,51,67
752,140,192
753,610,593
754,671,317
755,232,255
756,674,1
757,452,479
758,656,612
759,708,624
760,243,264
761,211,271
762,108,146
763,39,65
764,360,375
765,698,662
766,639,15
767,740,588
768,705,431
769,68,75
770,204,242
771,704,607
772,597,556
773,715,54
774,552,485
775,726,721
776,746,25
777,754,713
778,19,44
779,734,719
780,741,425
781,700,619
782,690,20
783,693,629
784,235,283
785,663,643
786,599,489
787,749,640
788,402,480
789,159,196
790,655,592
791,756,724
792,725,144
793,714,687
794,209,259
795,759,735
796,731,707
797,782,43
798,772,660
799,560,13
800,218,226
801,720,602
802,40,83
803,733,679
804,653,330
805,443,474
806,739,616
807,304,358
808,747,424
809,628,412
810,689,383
811,732,658
812,24,38
813,752,717
814,792,694
815,811,727
816,641,165
817,750,697
818,685,448
819,692,672
820,798,758
821,777,771
822,810,347
823,748,386
824,790,645
825,773,666
826,670,648
827,683,154
828,779,728
829,768,477
830,755,275
831,669,6
832,676,420
833,273,300
834,680,198
835,712,106
836,801,569
837,815,806
838,766,703
839,764,742
840,821,817
841,826,820
842,797,706
843,828,787
844,353,365
845,842,651
846,115,143
847,10,26
848,562,210
849,716,394
850,177,187
851,783,767
852,744,251
853,770,263
854,718,710
855,813,795
856,808,743
857,819,751
858,827,135
859,809,774
860,305,395
861,818,775
862,762,738
863,650,274
864,832,786
865,823,336
866,760,276
867,841,803
868,855,765
869,778,95
870,621,236
871,845,838
872,837,753
873,695,665
874,831,791
875,816,701
876,796,730
877,851,840
878,737,411
879,781,677
880,825,776
881,856,780
882,848,761
883,805,788
884,186,194
885,769,41
886,822,793
887,875,868
888,877,839
889,872,867
890,812,549
891,854,843
892,876,367
893,880,871
894,891,881
895,723,318
896,887,834
897,862,729
898,865,391
899,874,799
900,861,829
901,892,888
902,852,250
903,896,824
904,889,686
905,869,857
906,849,357
907,901,898
908,601,471
909,893,711
910,897,132
911,900,836
912,909,722
913,785,57
914,879,745
915,567,133
916,903,835
917,910,846
918,912,899
919,916,814
920,784,249
921,864,483
922,902,870
923,911,894
924,538,484
925,878,404
926,919,858
927,917,635
928,804,371
929,853,293
930,918,905
931,923,859
932,913,802
933,895,886
934,904,882
935,926,914
936,933,907
937,844,342
938,860,807
939,932,930
940,936,906
941,935,927
942,931,883
943,929,920
944,34,58
945,934,863
946,873,847
947,130,173
948,942,921
949,885,77
950,940,736
951,945,922
952,426,470
953,941,789
954,951,943
955,939,890
956,950,938
957,954,833
958,324,389
959,948,924
960,957,830
961,956,928
962,908,441
963,961,937
964,955,946
965,960,794
966,953,188
967,964,949
968,915,884
969,407,415
970,959,925
971,963,328
972,967,763
973,970,757
974,973,962
975,972,97
976,968,966
977,965,205
978,976,850
979,977,866
980,952,488
981,975,49
982,979,800
983,978,947
984,974,969
985,981,944
986,983,134
987,984,980
988,982,256
989,987,497
990,985,63
991,971,958
992,991,370
993,986,104
994,990,93
995,993,170
996,995,988
997,994,992
