501,228,278
502,118,147
503,16,86
504,355,377
505,430,481
506,422,493
507,85,89
508,281,295
509,309,312
510,267,291
511,73,74
512,142,168
513,137,139
514,237,255
515,321,352
516,243,264
517,320,349
518,451,456
519,306,363
520,229,284
521,146,150
522,28,91
523,334,368
524,29,52
525,345,387
526,167,179
527,5,14
528,127,180
529,112,174
530,503,8
531,201,289
532,113,153
533,513,151
534,109,119
535,502,164
536,514,510
537,136,145
538,381,397
539,511,7
540,30,46
541,315,369
542,126,169
543,67,71
544,331,335
545,230,254
546,509,388
547,462,486
548,472,499
549,458,465
550,27,35
551,409,447
552,239,277
553,508,207
554,64,99
555,313,344
556,406,453
557,333,354
558,542,190
559,477,482
560,23,51
561,223,279
562,429,436
563,129,161
564,206,231
565,417,442
566,268,287
567,224,280
568,308,371
569,9,32
570,418,438
571,501,262
572,42,70
573,203,286
574,249,294
575,557,346
576,525,364
577,111,197
578,101,121
579,2,11
580,413,473
581,340,400
582,523,303
583,538,390
584,88,98
585,343,399
586,549,440
587,258,297
588,512,105
589,566,215
590,537,178
591,533,138
592,528,183
593,22,69
594,570,455
595,217,299
596,435,449
597,403,461
598,216,221
599,414,500
600,553,266
601,148,184
602,322,350
603,543,60
604,522,507
605,450,478
606,469,491
607,219,259
608,17,76
609,152,193
610,175,198
611,128,200
612,240,247
613,122,196
614,432,445
615,253,269
616,515,396
617,222,246
618,311,316
619,587,248
620,410,463
621,245,282
622,202,272
623,466,492
624,506,468
625,550,25
626,310,341
627,558,521
628,56,61
629,621,298
630,620,475
631,505,457
632,572,530
633,564,531
634,459,494
635,339,366
636,326,361
637,433,443
638,608,539
639,428,467
640,590,156
641,233,261
642,82,90
643,536,265
644,348,394
645,555,541
646,225,252
647,623,556
648,518,434
649,600,288
650,53,59
651,591,117
652,476,487
653,444,446
654,107,158
655,601,172
656,3,31
657,589,571
658,220,290
659,427,439
660,631,454
661,554,80
662,577,189
663,633,208
664,519,398
665,125,160
666,546,323
667,535,185
668,55,100
669,157,162
670,599,401
671,163,181
672,529,166
673,611,592
674,10,37
675,517,356
676,640,176
677,47,95
678,437,464
679,651,155
680,648,551
681,548,460
682,616,504
683,18,84
684,140,192
685,302,319
686,595,567
687,209,236
688,338,357
689,625,540
690,545,273
691,115,143
692,581,373
693,627,195
694,663,649
695,520,238
696,40,83
697,212,234
698,618,325
699,419,470
700,563,534
701,653,408
702,588,134
703,624,606
704,664,393
705,416,496
706,603,527
707,327,384
708,402,495
709,21,57
710,579,19
711,36,62
712,634,415
713,641,227
714,304,395
715,214,296
716,666,583
717,672,144
718,638,604
719,582,317
720,574,270
721,643,292
722,213,257
723,661,4
724,722,251
725,114,182
726,679,120
727,532,186
728,108,132
729,374,385
730,593,65
731,639,498
732,667,103
733,123,149
734,682,675
735,575,378
736,692,383
737,645,602
738,614,547
739,559,405
740,110,131
741,578,526
742,26,92
743,715,285
744,660,565
745,596,471
746,718,706
747,598,244
748,632,628
749,642,79
750,732,693
751,524,45
752,659,425
753,644,336
754,694,617
755,379,380
756,646,218
757,576,301
758,544,382
759,34,48
760,716,636
761,307,359
762,671,171
763,704,362
764,637,605
765,668,96
766,697,657
767,235,283
768,626,337
769,750,741
770,739,485
771,726,610
772,647,597
773,665,177
774,689,43
775,78,87
776,695,686
777,662,654
778,431,488
779,746,560
780,658,211
781,630,448
782,685,330
783,758,585
784,13,66
785,744,479
786,745,490
787,698,347
788,703,678
789,738,681
790,370,375
791,714,392
792,584,94
793,713,619
794,709,97
795,204,293
796,754,721
797,676,655
798,241,263
799,719,329
800,766,561
801,332,351
802,763,688
803,751,24
804,769,102
805,552,274
806,800,622
807,701,680
808,656,33
809,708,699
810,729,342
811,748,63
812,776,260
813,712,580
814,765,710
815,421,484
816,797,771
817,15,20
818,779,723
819,635,328
820,787,735
821,720,242
822,788,562
823,806,629
824,613,199
825,728,194
826,760,734
827,757,314
828,773,673
829,690,300
830,742,650
831,785,412
832,772,731
833,736,707
834,424,474
835,826,737
836,796,793
837,516,276
838,777,154
839,774,68
840,807,586
841,749,730
842,232,275
843,792,54
844,789,764
845,755,753
846,762,691
847,372,391
848,833,799
849,803,569
850,804,702
851,674,72
852,780,271
853,812,615
854,813,594
855,821,607
856,841,818
857,798,687
858,684,124
859,705,670
860,836,823
861,784,1
862,41,75
863,810,365
864,820,761
865,838,717
866,12,38
867,612,210
868,814,44
869,420,423
870,831,452
871,724,226
872,809,480
873,669,165
874,839,696
875,854,822
876,141,191
877,756,743
878,845,386
879,817,711
880,844,781
881,815,786
882,819,768
883,828,700
884,825,740
885,850,725
886,305,358
887,759,50
888,860,747
889,727,104
890,868,856
891,883,816
892,811,677
893,840,752
894,835,802
895,875,832
896,827,360
897,882,864
898,874,794
899,892,808
900,877,853
901,865,846
902,891,885
903,900,888
904,894,848
905,483,489
906,106,116
907,898,890
908,896,791
909,847,568
910,609,188
911,904,878
912,829,795
913,893,870
914,895,881
915,866,843
916,906,173
917,880,859
918,902,901
919,324,353
920,910,858
921,907,899
922,849,6
923,801,376
924,867,852
925,911,909
926,824,159
927,872,426
928,917,914
929,925,783
930,903,805
931,855,767
932,834,770
933,922,683
934,897,790
935,857,250
936,921,879
937,928,913
938,931,912
939,830,77
940,873,733
941,929,908
942,936,887
943,942,915
944,941,934
945,842,573
946,938,930
947,943,933
948,940,918
949,946,924
950,937,932
951,775,93
952,947,861
953,952,81
954,871,837
955,948,926
956,955,889
957,944,863
958,950,652
959,939,851
960,130,133
961,919,389
962,956,920
963,958,927
964,949,935
965,962,884
966,957,923
967,964,945
968,967,954
969,966,782
970,959,953
971,951,39
972,965,876
973,969,886
974,205,256
975,862,58
976,972,916
977,963,778
978,973,367
979,404,411
980,971,970
981,978,318
982,977,869
983,976,135
984,974,968
985,980,975
986,981,961
987,982,979
988,983,960
989,985,49
990,987,407
991,990,905
992,988,187
993,991,441
994,993,497
995,992,170
996,995,984
997,989,986
