301,158,191
302,128,144
303,240,252
304,6,8
305,79,90
306,154,182
307,153,192
308,4,42
309,26,91
310,111,135
311,205,275
312,132,174
313,264,276
314,120,168
315,207,284
316,59,93
317,219,293
318,304,20
319,302,183
320,265,299
321,201,268
322,107,195
323,315,278
324,56,64
325,152,156
326,134,162
327,283,294
328,235,242
329,115,117
330,57,73
331,167,185
332,49,62
333,309,15
334,310,186
335,266,273
336,34,84
337,318,81
338,140,171
339,230,267
340,311,212
341,25,54
342,28,43
343,35,40
344,119,189
345,176,197
346,11,89
347,39,99
348,106,177
349,129,148
350,213,228
351,214,297
352,60,87
353,72,85
354,233,247
355,13,44
356,165,196
357,122,180
358,19,76
359,320,204
360,31,52
361,221,251
362,325,170
363,127,187
364,105,146
365,317,295
366,218,263
367,36,46
368,203,272
369,250,256
370,307,103
371,7,95
372,216,255
373,236,244
374,327,224
375,323,238
376,10,17
377,41,70
378,355,337
379,301,155
380,340,281
381,358,63
382,324,5
383,239,298
384,367,336
385,322,118
386,208,209
387,361,289
388,312,163
389,369,246
390,316,308
391,331,326
392,121,172
393,319,109
394,137,161
395,365,258
396,370,344
397,375,262
398,363,113
399,356,314
400,223,237
401,32,69
402,16,67
403,254,260
404,348,104
405,124,143
406,313,274
407,382,83
408,353,14
409,383,303
410,217,222
411,368,261
412,226,300
413,164,166
414,30,100
415,321,282
416,29,82
417,376,33
418,47,78
419,351,225
420,357,190
421,379,114
422,410,249
423,341,94
424,345,188
425,366,206
426,388,131
427,402,378
428,423,24
429,349,193
430,350,339
431,342,65
432,243,270
433,384,305
434,371,86
435,37,75
436,381,96
437,346,74
438,138,145
439,362,181
440,413,391
441,407,390
442,241,280
443,415,372
444,360,330
445,229,234
446,386,271
447,387,380
448,364,130
449,257,279
450,394,338
451,439,150
452,396,392
453,409,395
454,55,98
455,397,210
456,147,149
457,412,374
458,269,287
459,66,71
460,9,21
461,419,406
462,231,248
463,377,2
464,403,373
465,451,139
466,354,335
467,441,437
468,422,359
469,112,116
470,421,385
471,306,198
472,334,169
473,141,151
474,101,157
475,92,97
476,425,328
477,393,329
478,436,408
479,440,398
480,461,411
481,447,253
482,453,443
483,431,427
484,58,68
485,22,38
486,416,347
487,433,414
488,481,286
489,434,51
490,465,424
491,449,259
492,429,133
493,479,452
494,450,136
495,102,110
496,455,296
497,477,405
498,420,178
499,486,428
500,456,126
501,401,61
502,476,464
503,18,50
504,444,332
505,467,343
506,23,48
507,459,333
508,430,245
509,470,404
510,389,220
511,446,285
512,108,179
513,12,77
514,442,400
515,490,399
516,505,478
517,485,418
518,460,80
519,466,445
520,501,484
521,426,142
522,510,291
523,493,472
524,435,1
525,488,482
526,499,463
527,512,498
528,496,480
529,454,88
530,509,497
531,489,487
532,525,502
533,494,125
534,504,483
535,462,457
536,123,175
537,515,194
538,519,211
539,521,448
540,469,199
541,514,432
542,526,516
543,417,352
544,471,438
545,495,492
546,532,468
547,528,511
548,227,277
549,534,517
550,547,546
551,500,473
552,549,531
553,544,533
554,508,458
555,530,523
556,543,45
557,552,542
558,550,535
559,555,537
560,551,539
561,503,3
562,558,522
563,491,232
564,545,527
565,557,513
566,507,27
567,540,173
568,562,538
569,554,541
570,565,506
571,559,553
572,556,518
573,288,292
574,570,524
575,571,560
576,520,53
577,572,475
578,569,568
579,574,566
580,536,474
581,575,564
582,579,577
583,580,184
584,578,563
585,581,567
586,582,529
587,586,576
588,584,548
589,587,561
590,585,583
591,159,160
592,573,290
593,590,200
594,588,202
595,594,592
596,593,591
597,595,215
