701,140,165
702,211,214
703,299,358
704,112,178
705,604,628
706,249,264
707,217,326
708,465,486
709,233,388
710,527,600
711,506,594
712,603,641
713,297,310
714,416,420
715,133,158
716,680,681
717,241,296
718,437,492
719,160,176
720,477,489
721,413,421
722,246,370
723,230,272
724,122,181
725,709,355
726,162,184
727,644,670
728,508,526
729,637,655
730,617,656
731,175,195
732,105,148
733,532,580
734,631,633
735,292,374
736,215,315
737,410,443
738,219,267
739,419,463
740,210,248
741,213,386
742,113,172
743,223,375
744,353,385
745,243,333
746,406,440
747,361,395
748,481,490
749,109,188
750,348,359
751,222,325
752,620,672
753,44,58
754,144,191
755,657,686
756,511,557
757,120,192
758,41,56
759,103,108
760,346,368
761,636,684
762,733,562
763,404,451
764,702,398
765,710,522
766,306,334
767,352,380
768,106,177
769,343,394
770,464,487
771,262,289
772,534,545
773,316,340
774,207,284
775,467,483
776,261,349
777,738,268
778,19,29
779,36,57
780,244,256
781,3,52
782,456,459
783,164,186
784,521,592
785,711,549
786,616,671
787,242,301
788,570,585
789,417,469
790,280,391
791,450,493
792,759,143
793,266,308
794,719,152
795,651,673
796,762,567
797,447,484
798,363,383
799,449,454
800,529,573
801,756,503
802,691,694
803,610,634
804,129,163
805,424,442
806,665,682
807,751,356
808,216,255
809,754,704
810,305,389
811,736,298
812,205,400
813,431,499
814,227,381
815,362,378
816,613,683
817,713,304
818,536,596
819,619,666
820,773,382
821,674,690
822,537,588
823,16,65
824,703,229
825,18,90
826,5,22
827,30,61
828,778,47
829,566,577
830,648,663
831,568,578
832,742,137
833,750,302
834,770,708
835,251,367
836,717,376
837,749,130
838,225,294
839,528,544
840,640,654
841,101,111
842,677,700
843,502,574
844,790,397
845,546,561
846,231,259
847,755,622
848,720,714
849,37,42
850,313,347
851,745,390
852,204,318
853,612,635
854,774,307
855,783,199
856,439,491
857,258,354
858,753,9
859,735,228
860,730,630
861,707,265
862,614,647
863,35,70
864,772,582
865,80,97
866,518,579
867,146,168
868,723,330
869,209,314
870,776,393
871,766,220
872,509,553
873,787,392
874,66,82
875,781,53
876,91,99
877,716,667
878,203,263
879,418,478
880,743,240
881,428,461
882,813,496
883,269,351
884,10,60
885,825,14
886,706,312
887,239,332
888,764,387
889,740,342
890,796,554
891,820,212
892,748,485
893,171,189
894,270,291
895,605,668
896,760,364
897,839,531
898,779,23
899,6,83
900,805,498
901,752,624
902,841,193
903,31,79
904,311,372
905,438,482
906,845,547
907,732,200
908,817,253
909,611,650
910,473,495
911,11,50
912,823,15
913,822,801
914,173,185
915,837,128
916,273,275
917,786,712
918,423,479
919,117,136
920,401,446
921,886,861
922,515,569
923,201,373
924,777,741
925,758,86
926,797,429
927,744,226
928,890,785
929,408,409
930,767,319
931,412,422
932,724,715
933,278,283
934,816,664
935,505,571
936,892,453
937,705,632
938,807,257
939,73,98
940,843,784
941,238,303
942,893,149
943,208,329
944,859,769
945,39,84
946,775,474
947,161,182
948,831,552
949,202,341
950,237,350
951,718,414
952,277,344
953,868,321
954,855,179
955,826,89
956,898,27
957,833,323
958,810,747
959,62,74
960,819,618
961,789,472
962,829,800
963,638,676
964,114,159
965,34,54
966,282,328
967,888,224
968,444,462
969,912,46
970,824,725
971,247,360
972,838,293
973,731,170
974,434,470
975,856,432
976,880,250
977,907,792
978,947,757
979,601,678
980,872,559
981,12,17
982,929,405
983,848,436
984,900,457
985,407,435
986,834,458
987,863,13
988,884,874
989,791,475
990,875,92
991,794,153
992,870,254
993,768,198
994,88,94
995,107,124
996,847,842
997,727,679
998,538,589
999,830,729
1000,976,335
1001,806,639
1002,795,699
1003,615,662
1004,930,279
1005,403,476
1006,804,701
1007,276,295
1008,941,793
1009,565,593
1010,507,595
1011,126,183
1012,555,591
1013,147,190
1014,1,28
1015,49,81
1016,853,695
1017,563,572
1018,866,599
1019,887,878
1020,206,339
1021,953,811
1022,925,827
1023,923,285
1024,858,40
1025,901,860
1026,862,625
1027,828,8
1028,734,687
1029,271,336
1030,722,300
1031,960,689
1032,967,808
1033,844,245
1034,937,802
1035,897,542
1036,955,33
1037,940,765
1038,896,891
1039,32,63
1040,867,102
1041,287,309
1042,910,427
1043,904,320
1044,975,961
1045,726,155
1046,943,377
1047,1002,685
1048,939,67
1049,924,814
1050,1032,274
1051,20,72
1052,917,688
1053,236,322
1054,540,584
1055,1025,934
1056,922,550
1057,1049,957
1058,118,135
1059,441,466
1060,968,918
1061,846,218
1062,131,196
1063,1048,956
1064,1018,913
1065,780,366
1066,1001,909
1067,788,516
1068,643,659
1069,985,984
1070,987,43
1071,951,882
1072,851,771
1073,517,535
1074,857,338
1075,921,798
1076,721,411
1077,1007,815
1078,809,134
1079,905,500
1080,1005,989
1081,127,167
1082,746,494
1083,986,936
1084,739,468
1085,1068,653
1086,864,581
1087,1037,928
1088,1011,954
1089,1021,852
1090,836,812
1091,1003,895
1092,944,850
1093,1044,983
1094,1056,533
1095,965,48
1096,991,151
1097,608,693
1098,883,235
1099,993,973
1100,1028,997
1101,994,95
1102,1017,998
1103,150,169
1104,821,609
1105,1050,908
1106,1047,623
1107,426,430
1108,1014,885
1109,1033,288
1110,25,75
1111,818,586
1112,978,977
1113,915,832
1114,932,116
1115,1075,889
1116,1038,854
1117,980,556
1118,799,488
1119,1036,26
1120,865,7
1121,1089,933
1122,906,558
1123,982,448
1124,946,931
1125,999,803
1126,1067,1064
1127,964,115
1128,1009,524
1129,903,899
1130,1004,399
1131,1103,902
1132,1083,782
1133,1054,514
1134,1052,996
1135,1061,952
1136,145,154
1137,916,835
1138,949,873
1139,1098,1092
1140,1090,970
1141,879,455
1142,1101,1027
1143,642,658
1144,525,548
1145,1114,1045
1146,138,141
1147,1023,992
1148,1129,1039
1149,1132,1071
1150,971,894
1151,1076,425
1152,1115,938
1153,877,649
1154,927,384
1155,737,452
1156,1117,520
1157,1111,1073
1158,935,575
1159,988,911
1160,1063,1024
1161,1041,337
1162,1031,1026
1163,1123,1042
1164,849,78
1165,1086,1010
1166,966,324
1167,1055,761
1168,1154,1065
1169,132,194
1170,1006,942
1171,2,38
1172,1095,59
1173,1016,645
1174,504,576
1175,1060,763
1176,1119,969
1177,919,121
1178,1040,995
1179,1022,990
1180,1057,972
1181,1029,1019
1182,523,598
1183,1035,1012
1184,1030,871
1185,1125,675
1186,945,21
1187,1096,1078
1188,602,692
1189,1124,1093
1190,1070,69
1191,1034,979
1192,1051,76
1193,1118,920
1194,1069,415
1195,1081,156
1196,1043,1000
1197,1062,123
1198,1100,1091
1199,1110,87
1200,1066,840
1201,1072,371
1202,1146,1058
1203,1020,950
1204,1109,1046
1205,1099,187
1206,1177,166
1207,1144,564
1208,1140,1121
1209,1088,174
1210,1162,652
1211,607,669
1212,1128,1122
1213,1156,583
1214,1152,1138
1215,914,119
1216,1174,541
1217,958,232
1218,1104,697
1219,1163,974
1220,1077,357
1221,234,369
1222,1180,1161
1223,1147,1116
1224,1200,606
1225,1196,1008
1226,1185,1134
1227,1198,1167
1228,1183,1087
1229,1108,1015
1230,1145,1113
1231,77,96
1232,501,519
1233,1094,560
1234,1142,71
1235,1170,1131
1236,1190,1160
1237,1135,286
1238,1079,471
1239,1228,1126
1240,1214,1105
1241,1102,948
1242,1187,1112
1243,1223,1130
1244,1107,497
1245,1191,963
1246,1193,926
1247,1203,1139
1248,1151,881
1249,1226,1106
1250,1176,1159
1251,1236,981
1252,1184,252
1253,1209,1178
1254,1158,1157
1255,1149,1084
1256,1171,876
1257,1233,962
1258,1186,93
1259,1136,180
1260,1234,1179
1261,1197,139
1262,1217,869
1263,1059,402
1264,1252,1201
1265,1168,290
1266,1222,1150
1267,1155,445
1268,1205,1013
1269,1227,1188
1270,1216,1133
1271,1238,1080
1272,1230,1169
1273,1250,1164
1274,1225,1208
1275,1120,68
1276,1181,260
1277,1194,460
1278,512,539
1279,1166,281
1280,1202,157
1281,1275,4
1282,1251,1229
1283,1148,51
1284,1255,1082
1285,1189,1175
1286,1210,1173
1287,1249,1245
1288,1241,728
1289,1192,64
1290,1243,1220
1291,1153,661
1292,1204,379
1293,1097,629
1294,1224,646
1295,1282,1260
1296,1239,1212
1297,1280,1268
1298,1247,1053
1299,1272,1242
1300,1274,1137
1301,1277,1267
1302,1296,1254
1303,1276,327
1304,1300,1266
1305,1278,1213
1306,1253,1235
1307,1261,1195
1308,1293,1291
1309,1257,530
1310,1292,1240
1311,1299,1127
1312,1294,627
1313,1285,1141
1314,1262,365
1315,1288,510
1316,1283,1258
1317,1269,1085
1318,1273,1172
1319,1317,1287
1320,1199,959
1321,1182,513
1322,1279,1265
1323,1284,433
1324,1207,551
1325,1231,85
1326,1271,1219
1327,1302,1165
1328,1315,1270
1329,1259,125
1330,1237,396
1331,1286,621
1332,1318,1295
1333,1323,1313
1334,1314,1264
1335,1322,331
1336,1311,1306
1337,1309,1305
1338,543,590
1339,221,317
1340,1304,1290
1341,1211,660
1342,626,698
1343,1246,480
1344,1319,1312
1345,1215,110
1346,1336,1297
1347,1343,1301
1348,1328,1327
1349,1303,1298
1350,1340,1310
1351,1333,1244
1352,1316,1256
1353,1337,597
1354,1344,1331
1355,1332,1289
1356,1351,1248
1357,1350,1335
1358,1355,1352
1359,1346,1307
1360,1321,1232
1361,1353,1348
1362,1354,1308
1363,1356,1326
1364,1357,1349
1365,1364,1334
1366,1363,1347
1367,1330,345
1368,1358,1320
1369,1359,1345
1370,1362,1218
1371,1361,1324
1372,1368,1281
1373,1367,1365
1374,1329,1206
1375,1370,1143
1376,1371,1360
1377,1375,696
1378,1373,1339
1379,1366,1263
1380,1372,45
1381,1374,1369
1382,1378,1074
1383,1325,55
1384,1377,1341
1385,1380,24
1386,1384,1342
1387,104,197
1388,1381,142
1389,1385,100
1390,1338,587
1391,1389,1383
1392,1382,1221
1393,1390,1376
1394,1388,1387
1395,1391,1379
1396,1395,1393
1397,1394,1392
