301,240,252
302,47,55
303,114,188
304,251,275
305,16,44
306,158,191
307,235,276
308,246,264
309,266,289
310,258,283
311,127,167
312,122,190
313,56,83
314,26,91
315,268,295
316,205,273
317,50,95
318,220,284
319,63,72
320,31,52
321,119,152
322,4,5
323,34,84
324,223,294
325,103,189
326,113,168
327,112,199
328,207,293
329,132,163
330,79,90
331,244,286
332,318,278
333,304,292
334,59,94
335,57,73
336,107,195
337,309,300
338,250,261
339,14,33
340,236,263
341,105,172
342,128,144
343,15,25
344,216,227
345,111,160
346,221,298
347,164,166
348,230,267
349,206,242
350,8,20
351,316,308
352,311,156
353,305,6
354,154,182
355,46,51
356,38,64
357,256,285
358,265,299
359,147,177
360,23,27
361,214,269
362,145,171
363,217,271
364,218,254
365,121,155
366,210,219
367,352,131
368,239,277
369,28,81
370,332,328
371,320,22
372,13,85
373,303,197
374,312,181
375,333,253
376,322,40
377,321,143
378,365,336
379,342,115
380,338,203
381,325,135
382,120,187
383,341,153
384,380,272
385,334,30
386,353,65
387,348,213
388,48,54
389,60,87
390,41,70
391,134,185
392,326,165
393,310,241
394,344,315
395,324,224
396,369,355
397,11,42
398,376,75
399,359,106
400,9,93
401,379,183
402,67,86
403,229,234
404,257,260
405,362,137
406,391,347
407,377,117
408,317,76
409,306,196
410,337,226
411,356,314
412,339,10
413,21,88
414,382,373
415,19,96
416,398,49
417,201,209
418,372,319
419,351,212
420,375,231
421,323,7
422,245,297
423,329,174
424,370,238
425,345,170
426,386,350
427,129,148
428,126,149
429,396,36
430,367,116
431,233,247
432,108,179
433,178,193
434,399,130
435,360,18
436,383,146
437,358,204
438,411,24
439,378,118
440,392,176
441,384,307
442,420,419
443,393,361
444,330,89
445,366,243
446,29,82
447,408,99
448,430,327
449,381,136
450,429,413
451,395,394
452,416,385
453,43,66
454,412,17
455,371,302
456,346,301
457,349,340
458,456,410
459,169,186
460,397,313
461,208,225
462,421,37
463,433,180
464,448,423
465,414,109
466,407,194
467,335,35
468,102,110
469,426,389
470,434,104
471,343,2
472,447,388
473,101,157
474,418,400
475,409,354
476,405,123
477,466,439
478,440,162
479,436,192
480,424,262
481,331,222
482,387,296
483,464,139
484,125,161
485,417,255
486,479,449
487,435,402
488,457,363
489,462,450
490,480,422
491,469,467
492,425,150
493,442,281
494,140,175
495,482,443
496,461,274
497,62,98
498,368,282
499,451,237
500,32,61
501,3,69
502,472,452
503,404,364
504,437,291
505,460,455
506,463,432
507,478,465
508,445,249
509,438,12
510,406,374
511,477,475
512,471,390
513,470,200
514,78,97
515,228,280
516,45,58
517,458,431
518,491,453
519,492,483
520,505,502
521,499,493
522,428,151
523,481,357
524,474,446
525,509,489
526,521,485
527,401,124
528,476,138
529,515,232
530,517,441
531,159,198
532,444,74
533,524,39
534,519,507
535,508,496
536,495,490
537,533,415
538,511,510
539,484,427
540,520,487
541,503,488
542,259,279
543,522,513
544,535,504
545,540,532
546,538,534
547,486,459
548,536,526
549,545,525
550,516,514
551,530,523
552,518,497
553,548,403
554,473,184
555,551,541
556,454,1
557,552,549
558,547,546
559,555,553
560,53,68
561,537,512
562,559,544
563,506,468
564,501,500
565,561,556
566,142,173
567,542,498
568,215,248
569,543,141
570,565,557
571,563,133
572,558,539
573,528,494
574,569,527
575,77,100
576,564,550
577,573,572
578,529,202
579,562,287
580,577,574
581,576,570
582,580,554
583,579,567
584,583,270
585,581,575
586,582,571
587,584,211
588,585,80
589,587,568
590,288,290
591,589,578
592,588,560
593,586,531
594,593,566
595,591,590
596,592,71
597,596,92
