701,372,381
702,618,619
703,342,364
704,588,599
705,36,40
706,562,580
707,16,41
708,579,600
709,424,488
710,511,557
711,11,56
712,453,485
713,416,489
714,278,286
715,254,261
716,378,386
717,459,490
718,644,664
719,373,383
720,531,596
721,133,182
722,425,428
723,506,541
724,654,665
725,311,360
726,704,536
727,179,191
728,462,479
729,549,555
730,483,491
731,437,475
732,120,178
733,603,637
734,629,632
735,13,35
736,616,671
737,34,63
738,529,569
739,509,593
740,224,243
741,615,630
742,410,498
743,213,294
744,351,358
745,118,141
746,520,528
747,307,355
748,152,153
749,310,376
750,711,88
751,223,250
752,631,687
753,315,340
754,336,341
755,648,668
756,450,482
757,103,149
758,117,166
759,456,492
760,514,522
761,12,81
762,652,695
763,47,94
764,211,253
765,518,519
766,170,175
767,502,515
768,309,361
769,125,186
770,623,655
771,111,126
772,741,633
773,138,157
774,112,151
775,401,446
776,353,374
777,387,395
778,463,493
779,23,84
780,545,570
781,710,516
782,723,554
783,547,582
784,230,275
785,448,480
786,669,688
787,673,686
788,5,22
789,405,438
790,737,707
791,760,532
792,79,100
793,388,391
794,240,290
795,2,99
796,222,249
797,417,467
798,578,591
799,643,653
800,726,517
801,58,90
802,715,260
803,256,291
804,754,703
805,86,95
806,67,76
807,767,708
808,130,163
809,366,385
810,575,594
811,409,434
812,325,349
813,780,581
814,752,663
815,212,229
816,552,572
817,538,576
818,622,656
819,730,403
820,721,171
821,15,66
822,642,647
823,777,313
824,265,296
825,550,565
826,727,160
827,706,568
828,344,345
829,217,280
830,521,567
831,768,744
832,202,221
833,605,657
834,109,122
835,748,115
836,10,26
837,481,496
838,176,190
839,20,57
840,717,429
841,242,274
842,472,478
843,601,634
844,680,681
845,614,651
846,470,494
847,751,252
848,219,271
849,445,484
850,328,382
851,46,62
852,314,365
853,701,323
854,641,691
855,649,667
856,761,69
857,796,203
858,422,432
859,347,398
860,44,65
861,731,476
862,763,8
863,776,384
864,559,583
865,537,571
866,48,59
867,799,672
868,821,33
869,714,259
870,724,602
871,790,750
872,30,72
873,119,173
874,116,140
875,806,31
876,132,181
877,308,335
878,804,719
879,28,29
880,206,225
881,407,455
882,566,574
883,613,692
884,797,473
885,802,262
886,214,297
887,50,82
888,628,659
889,787,685
890,800,739
891,845,675
892,801,735
893,826,757
894,624,696
895,150,189
896,871,18
897,795,38
898,415,443
899,677,678
900,354,368
901,420,464
902,758,121
903,807,746
904,524,544
905,712,439
906,738,573
907,772,694
908,742,709
909,144,159
910,824,292
911,609,697
912,753,304
913,6,14
914,1,70
915,725,716
916,783,507
917,740,220
918,728,423
919,162,183
920,770,674
921,771,167
922,778,756
923,486,487
924,805,27
925,817,720
926,813,546
927,9,89
928,334,356
929,348,367
930,764,207
931,823,333
932,910,299
933,830,782
934,577,592
935,113,134
936,732,143
937,338,350
938,815,283
939,774,766
940,444,495
941,237,300
942,277,293
943,838,146
944,413,461
945,833,699
946,505,558
947,316,377
948,749,326
949,722,421
950,621,666
951,893,820
952,205,289
953,865,825
954,270,272
955,843,814
956,867,734
957,718,636
958,870,611
959,108,135
960,914,856
961,762,612
962,886,284
963,938,247
964,17,54
965,238,266
966,842,713
967,902,101
968,918,858
969,905,840
970,808,174
971,733,627
972,319,332
973,106,187
974,248,258
975,781,765
976,769,199
977,850,828
978,37,87
979,855,736
980,513,523
981,921,200
982,861,440
983,851,43
984,889,676
985,837,414
986,684,689
987,139,165
988,860,32
989,798,512
990,916,791
991,638,690
992,164,168
993,892,705
994,458,469
995,948,394
996,831,337
997,841,829
998,3,52
999,431,499
1000,784,236
1001,929,853
1002,836,788
1003,357,399
1004,878,747
1005,743,295
1006,854,608
1007,868,71
1008,877,375
1009,866,42
1010,849,442
1011,525,542
1012,939,876
1013,903,890
1014,228,235
1015,885,857
1016,406,468
1017,312,343
1018,457,500
1019,862,51
1020,975,926
1021,158,184
1022,951,835
1023,943,773
1024,996,793
1025,105,198
1026,949,785
1027,985,923
1028,330,392
1029,60,74
1030,979,698
1031,1002,896
1032,955,755
1033,912,859
1034,900,379
1035,848,244
1036,811,789
1037,263,264
1038,775,433
1039,901,465
1040,21,93
1041,925,816
1042,932,215
1043,346,397
1044,982,922
1045,971,920
1046,201,285
1047,897,91
1048,879,53
1049,863,303
1050,227,232
1051,1005,268
1052,617,670
1053,124,127
1054,142,147
1055,832,288
1056,161,194
1057,827,597
1058,933,810
1059,110,137
1060,873,185
1061,958,907
1062,883,639
1063,1004,977
1064,884,819
1065,995,812
1066,1013,990
1067,503,526
1068,992,102
1069,129,188
1070,966,908
1071,931,393
1072,909,172
1073,792,98
1074,1038,969
1075,435,454
1076,1001,915
1077,1066,1020
1078,131,156
1079,1032,822
1080,779,4
1081,847,267
1082,937,928
1083,904,561
1084,1071,852
1085,957,679
1086,148,180
1087,869,233
1088,846,418
1089,960,924
1090,1073,872
1091,864,539
1092,844,645
1093,1042,997
1094,898,460
1095,930,226
1096,917,269
1097,954,216
1098,729,584
1099,976,970
1100,1023,1012
1101,974,210
1102,1011,906
1103,991,888
1104,402,466
1105,80,97
1106,919,155
1107,959,197
1108,1031,1007
1109,276,282
1110,1049,1033
1111,1074,447
1112,968,404
1113,956,662
1114,1010,436
1115,1041,553
1116,993,25
1117,880,231
1118,1026,412
1119,1019,45
1120,1111,1064
1121,984,786
1122,1107,192
1123,556,587
1124,952,255
1125,882,548
1126,961,945
1127,302,369
1128,640,650
1129,895,154
1130,1089,998
1131,204,241
1132,980,953
1133,1063,1024
1134,963,794
1135,635,693
1136,273,287
1137,533,540
1138,1068,936
1139,1076,318
1140,1081,1050
1141,682,683
1142,911,604
1143,1053,745
1144,1058,1057
1145,1098,586
1146,1084,947
1147,1072,1022
1148,1034,352
1149,1118,427
1150,1090,61
1151,1079,1061
1152,927,19
1153,1065,389
1154,1030,818
1155,986,950
1156,1078,145
1157,1083,501
1158,1025,136
1159,1000,803
1160,1070,477
1161,1036,1018
1162,527,534
1163,1133,1110
1164,1120,1044
1165,1037,298
1166,1141,894
1167,935,834
1168,1088,1016
1169,988,875
1170,1095,1015
1171,1108,983
1172,1144,1077
1173,1129,123
1174,1027,999
1175,1172,1115
1176,981,195
1177,1105,75
1178,702,700
1179,1130,978
1180,1134,281
1181,989,530
1182,1128,606
1183,1043,363
1184,946,590
1185,208,245
1186,1096,962
1187,1159,1097
1188,1056,128
1189,1113,1006
1190,1155,891
1191,1085,661
1192,1151,1045
1193,1028,317
1194,1158,967
1195,1154,1092
1196,1138,874
1197,1171,839
1198,934,551
1199,1060,1021
1200,1174,759
1201,1116,1040
1202,1112,451
1203,1164,1160
1204,1170,1051
1205,339,371
1206,1176,1099
1207,1147,1100
1208,408,497
1209,78,83
1210,1163,1139
1211,1190,1126
1212,321,380
1213,1192,1189
1214,1117,1087
1215,1119,64
1216,1157,1132
1217,7,39
1218,1093,257
1219,1140,965
1220,1175,508
1221,1017,322
1222,1201,1179
1223,1122,169
1224,994,452
1225,1181,1102
1226,1161,1149
1227,1203,1200
1228,1186,1124
1229,1106,987
1230,1080,1047
1231,1145,504
1232,359,400
1233,1169,1150
1234,1197,1009
1235,1218,1101
1236,426,441
1237,1008,972
1238,1114,411
1239,1168,471
1240,1228,1204
1241,1178,1121
1242,510,585
1243,1211,625
1244,1207,1196
1245,1210,324
1246,1127,362
1247,942,941
1248,1226,940
1249,887,73
1250,1227,1039
1251,1220,1216
1252,809,331
1253,1206,1167
1254,1213,1195
1255,1193,305
1256,1131,279
1257,1153,1082
1258,1230,964
1259,1223,196
1260,1250,1202
1261,899,620
1262,1253,1244
1263,1219,1180
1264,1257,1245
1265,1091,560
1266,1148,306
1267,1240,1055
1268,1251,1231
1269,1258,1234
1270,1035,1014
1271,973,177
1272,1191,1103
1273,1238,881
1274,209,246
1275,1146,390
1276,1269,1222
1277,1254,1241
1278,1260,1248
1279,1235,1187
1280,1214,1165
1281,1069,1059
1282,1266,301
1283,1272,1062
1284,1271,1194
1285,1209,1152
1286,1277,1243
1287,1239,1208
1288,1275,1264
1289,1276,1233
1290,1225,1125
1291,1290,1268
1292,1262,1199
1293,1185,1136
1294,1288,1237
1295,1173,1156
1296,1259,1188
1297,1177,92
1298,1285,1215
1299,1292,1143
1300,1246,370
1301,1261,1142
1302,1279,1267
1303,1286,1283
1304,1184,1162
1305,1278,1273
1306,1294,1183
1307,1242,598
1308,1291,1067
1309,1123,543
1310,1104,474
1311,1302,1263
1312,1255,1252
1313,1221,1205
1314,1182,1052
1315,1298,1289
1316,1299,1229
1317,1308,1304
1318,1048,913
1319,1306,1003
1320,1284,1054
1321,1319,1282
1322,1311,1280
1323,1305,1287
1324,1316,1281
1325,1317,1198
1326,1324,1296
1327,1322,1247
1328,1303,658
1329,107,114
1330,1323,449
1331,1312,320
1332,1293,239
1333,1321,1300
1334,1325,1137
1335,1326,1086
1336,1333,1212
1337,1335,1320
1338,1327,1270
1339,1328,1166
1340,1274,218
1341,1313,327
1342,1330,1094
1343,1339,1301
1344,85,96
1345,1337,1295
1346,1318,1315
1347,1342,1224
1348,607,646
1349,1334,1265
1350,626,660
1351,1347,1310
1352,1343,1314
1353,1341,1336
1354,1346,1249
1355,1236,430
1356,1338,1256
1357,1353,1331
1358,1340,1332
1359,1351,1075
1360,1109,1046
1361,1357,329
1362,1359,944
1363,1352,610
1364,1354,1217
1365,1297,49
1366,1349,1309
1367,1365,1364
1368,1363,1135
1369,1358,1356
1370,1366,1307
1371,535,595
1372,1369,1360
1373,1368,1350
1374,1345,1329
1375,1361,1232
1376,1367,1029
1377,1370,564
1378,1377,563
1379,1362,1355
1380,1378,589
1381,1373,1348
1382,1380,1371
1383,1376,1344
1384,1372,251
1385,1379,419
1386,55,68
1387,1383,24
1388,1387,77
1389,1374,193
1390,1389,104
1391,1388,1386
1392,1384,234
1393,1375,396
1394,1393,1390
1395,1392,1385
1396,1394,1382
1397,1396,1381
