701,41,47
702,511,557
703,483,491
704,570,579
705,271,297
706,313,347
707,413,421
708,248,249
709,106,195
710,502,521
711,57,70
712,541,554
713,351,395
714,702,588
715,364,382
716,710,506
717,122,191
718,714,518
719,481,490
720,522,582
721,683,684
722,261,279
723,453,485
724,437,499
725,28,29
726,424,488
727,139,149
728,11,66
729,442,498
730,372,381
731,326,383
732,133,179
733,706,353
734,423,462
735,605,673
736,609,697
737,355,388
738,515,569
739,505,558
740,5,33
741,622,637
742,434,470
743,214,216
744,111,165
745,207,265
746,542,544
747,716,532
748,628,690
749,644,664
750,667,681
751,616,624
752,12,17
753,311,359
754,13,34
755,633,665
756,603,700
757,292,296
758,618,619
759,152,178
760,61,81
761,16,58
762,719,459
763,420,472
764,743,253
765,228,235
766,509,593
767,23,98
768,431,496
769,747,514
770,663,687
771,744,140
772,562,580
773,254,287
774,620,656
775,309,361
776,456,479
777,721,630
778,164,186
779,625,689
780,320,376
781,401,446
782,473,494
783,732,200
784,203,260
785,715,342
786,503,589
787,416,489
788,119,130
789,703,417
790,230,298
791,18,44
792,31,79
793,711,3
794,173,185
795,153,176
796,307,316
797,9,15
798,736,674
799,725,53
800,126,183
801,516,592
802,262,289
803,213,295
804,358,400
805,35,36
806,720,527
807,236,294
808,282,284
809,217,299
810,708,211
811,733,374
812,440,464
813,729,484
814,146,168
815,704,600
816,753,348
817,219,227
818,751,615
819,617,672
820,537,578
821,475,493
822,223,240
823,86,95
824,718,599
825,762,404
826,117,166
827,405,438
828,233,278
829,163,171
830,450,482
831,118,141
832,796,731
833,507,533
834,408,409
835,349,394
836,641,677
837,755,650
838,632,691
839,571,591
840,429,447
841,750,741
842,91,99
843,566,574
844,623,671
845,713,305
846,467,478
847,120,158
848,785,398
849,653,688
850,793,752
851,242,280
852,722,285
853,572,594
854,787,723
855,412,439
856,735,634
857,756,608
858,403,426
859,414,468
860,134,144
861,640,682
862,813,726
863,52,97
864,601,648
865,212,229
866,828,286
867,754,56
868,610,686
869,224,243
870,645,649
871,275,283
872,444,477
873,812,724
874,777,654
875,795,160
876,806,547
877,553,559
878,378,386
879,72,82
880,250,266
881,138,190
882,717,137
883,738,555
884,105,198
885,728,48
886,783,182
887,761,46
888,501,519
889,749,679
890,760,30
891,422,432
892,341,393
893,321,323
894,809,757
895,19,71
896,782,427
897,520,583
898,852,773
899,304,366
900,767,67
901,858,463
902,709,135
903,810,222
904,27,65
905,825,492
906,328,336
907,548,564
908,832,373
909,856,631
910,181,192
911,21,63
912,538,596
913,847,759
914,854,436
915,602,639
916,425,428
917,768,742
918,737,377
919,189,193
920,819,668
921,771,102
922,384,385
923,817,808
924,112,151
925,727,103
926,128,143
927,255,274
928,49,51
929,846,469
930,1,14
931,775,337
932,448,480
933,801,581
934,315,340
935,841,680
936,567,576
937,824,769
938,604,676
939,627,655
940,929,789
941,10,26
942,517,531
943,871,790
944,550,565
945,770,670
946,306,312
947,701,94
948,867,805
949,410,443
950,838,629
951,113,175
952,814,778
953,330,392
954,811,352
955,807,268
956,256,291
957,310,387
958,834,827
959,739,534
960,346,397
961,277,293
962,892,804
963,338,354
964,849,818
965,820,552
966,918,391
967,917,495
968,612,695
969,960,380
970,788,110
971,740,22
972,842,38
973,837,646
974,886,109
975,923,247
976,864,675
977,455,476
978,202,221
979,7,80
980,899,345
981,908,368
982,951,170
983,764,745
984,890,792
985,840,449
986,435,500
987,314,334
988,169,180
989,325,356
990,937,815
991,859,487
992,712,536
993,678,694
994,903,226
995,878,302
996,957,333
997,947,8
998,25,87
999,968,652
1000,874,844
1001,888,528
1002,883,529
1003,816,367
1004,850,797
1005,956,270
1006,642,647
1007,549,585
1008,922,332
1009,823,88
1010,613,692
1011,776,734
1012,54,78
1013,510,568
1014,621,666
1015,206,259
1016,898,803
1017,848,301
1018,748,638
1019,978,204
1020,1001,942
1021,746,573
1022,231,252
1023,919,150
1024,895,799
1025,115,159
1026,915,774
1027,939,935
1028,766,546
1029,822,238
1030,904,900
1031,37,43
1032,853,575
1033,879,50
1034,357,399
1035,974,875
1036,791,90
1037,657,699
1038,308,335
1039,963,350
1040,861,643
1041,705,258
1042,1016,765
1043,155,162
1044,402,466
1045,125,174
1046,962,931
1047,948,885
1048,991,486
1049,992,504
1050,933,577
1051,921,829
1052,938,909
1053,994,983
1054,62,74
1055,1004,69
1056,523,563
1057,936,912
1058,156,167
1059,910,132
1060,941,887
1061,949,460
1062,1048,406
1063,894,784
1064,239,263
1065,889,636
1066,1002,990
1067,953,934
1068,187,199
1069,940,905
1070,959,876
1071,145,154
1072,1047,20
1073,107,124
1074,973,611
1075,1037,836
1076,116,184
1077,1009,930
1078,891,763
1079,1003,954
1080,967,821
1081,1027,870
1082,780,375
1083,707,461
1084,914,855
1085,984,911
1086,927,215
1087,925,161
1088,926,108
1089,924,860
1090,946,389
1091,802,269
1092,986,457
1093,996,835
1094,1015,225
1095,1071,988
1096,989,981
1097,1011,872
1098,1046,845
1099,995,360
1100,964,659
1101,980,344
1102,972,2
1103,147,177
1104,1096,1017
1105,958,932
1106,950,920
1107,1041,851
1108,869,241
1109,882,172
1110,779,651
1111,979,92
1112,982,952
1113,873,419
1114,209,232
1115,508,584
1116,881,157
1117,826,121
1118,1079,730
1119,1110,945
1120,1029,880
1121,862,445
1122,1066,965
1123,1026,696
1124,987,365
1125,977,474
1126,1070,545
1127,1074,1000
1128,865,245
1129,893,303
1130,857,669
1131,913,902
1132,833,525
1133,985,830
1134,127,196
1135,210,257
1136,1042,975
1137,1021,772
1138,1057,1049
1139,976,660
1140,451,465
1141,1109,1035
1142,1135,1053
1143,1032,786
1144,1121,781
1145,1055,1030
1146,1113,1080
1147,1069,901
1148,943,866
1149,1097,1078
1150,1051,129
1151,1145,1072
1152,1081,868
1153,993,698
1154,1098,1093
1155,1045,800
1156,944,839
1157,246,300
1158,83,89
1159,1099,318
1160,1105,896
1161,530,543
1162,863,4
1163,84,85
1164,1131,831
1165,1088,194
1166,1018,798
1167,897,539
1168,556,587
1169,1052,685
1170,1028,586
1171,1138,1122
1172,1147,1084
1173,1136,1063
1174,1040,606
1175,1104,966
1176,884,136
1177,1023,123
1178,970,794
1179,1141,1025
1180,1086,205
1181,1114,220
1182,343,371
1183,1156,513
1184,1085,32
1185,1020,877
1186,1133,454
1187,1005,272
1188,1127,1100
1189,1159,362
1190,997,64
1191,1058,131
1192,1150,142
1193,411,458
1194,1101,906
1195,201,281
1196,1014,999
1197,1038,390
1198,1137,597
1199,1185,1171
1200,1043,188
1201,1060,1036
1202,40,45
1203,1031,998
1204,1077,1024
1205,418,497
1206,1008,319
1207,1143,561
1208,1106,662
1209,1089,1059
1210,1067,329
1211,1083,916
1212,1103,101
1213,1142,1107
1214,1129,1118
1215,1125,407
1216,1184,1151
1217,1064,276
1218,1126,843
1219,1124,369
1220,1148,1128
1221,1139,1119
1222,1146,1062
1223,1134,1087
1224,1175,1154
1225,441,471
1226,1209,1179
1227,1173,955
1228,1198,1170
1229,1200,1178
1230,1227,1091
1231,971,100
1232,148,197
1233,1065,661
1234,1006,758
1235,1090,379
1236,1152,1130
1237,1115,540
1238,1172,1144
1239,1212,1192
1240,1164,1112
1241,1216,1204
1242,1188,1169
1243,1108,288
1244,1153,1075
1245,1061,415
1246,1019,267
1247,1149,452
1248,1220,1213
1249,1199,1050
1250,1241,1190
1251,1155,1068
1252,1238,1186
1253,1180,1120
1254,1224,1214
1255,1157,237
1256,1249,1218
1257,1203,1054
1258,1182,339
1259,1240,1226
1260,1210,317
1261,1228,1132
1262,1221,1208
1263,42,59
1264,218,273
1265,1250,1201
1266,1231,93
1267,969,363
1268,1094,1022
1269,1191,1177
1270,1187,290
1271,1245,1092
1272,1223,1165
1273,524,590
1274,1242,1236
1275,1163,1158
1276,1248,1230
1277,1219,370
1278,1102,24
1279,1237,1013
1280,1197,1082
1281,1247,1211
1282,1254,1194
1283,1232,1117
1284,626,635
1285,1234,1196
1286,1274,1262
1287,1162,1012
1288,1269,1095
1289,1033,76
1290,1183,1056
1291,1174,1123
1292,1261,1256
1293,1259,1116
1294,1252,1222
1295,1215,1205
1296,1010,693
1297,1229,1076
1298,1282,1260
1299,1294,1160
1300,1044,430
1301,1290,1207
1302,1217,264
1303,60,73
1304,1293,1239
1305,1206,331
1306,1301,1292
1307,1286,1244
1308,1275,77
1309,1007,907
1310,1299,1281
1311,1276,1253
1312,1246,1243
1313,1296,1233
1314,1304,1297
1315,1265,1257
1316,1298,1235
1317,1305,1189
1318,1258,322
1319,1273,598
1320,1193,433
1321,1315,1289
1322,1321,1266
1323,1181,208
1324,1307,1285
1325,1314,1272
1326,1291,1166
1327,1287,1111
1328,1316,1280
1329,1312,1311
1330,1267,1034
1331,1161,512
1332,1331,1168
1333,1277,1039
1334,1302,1195
1335,1317,324
1336,1278,6
1337,1323,1264
1338,1309,1306
1339,1325,1073
1340,1268,1255
1341,1283,104
1342,1322,1202
1343,1310,1271
1344,1288,1251
1345,1338,1279
1346,1333,1328
1347,1326,1324
1348,1343,1295
1349,1270,251
1350,1337,1329
1351,1342,1336
1352,1344,1339
1353,1327,928
1354,1350,961
1355,1346,1335
1356,1347,1313
1357,68,96
1358,1355,1330
1359,1351,1263
1360,1345,1167
1361,1348,1320
1362,1354,1334
1363,1360,535
1364,1362,1340
1365,1359,1353
1366,1361,1140
1367,1318,327
1368,1364,1349
1369,1365,75
1370,1369,1308
1371,1352,1341
1372,1366,1225
1373,1363,1319
1374,1356,658
1375,1303,39
1376,1371,1176
1377,1367,1358
1378,1372,1300
1379,1373,1332
1380,1375,1370
1381,1379,560
1382,1368,244
1383,1380,1357
1384,1374,607
1385,1381,551
1386,1377,396
1387,1384,1284
1388,1385,526
1389,1376,114
1390,1382,234
1391,1387,614
1392,1388,595
1393,1383,55
1394,1390,1386
1395,1393,1378
1396,1392,1389
1397,1396,1394
