501,113,153
502,333,359
503,103,144
504,220,268
505,16,86
506,408,464
507,309,312
508,217,285
509,380,390
510,21,57
511,351,366
512,42,45
513,119,129
514,239,246
515,228,278
516,5,67
517,49,91
518,329,399
519,313,368
520,207,295
521,146,156
522,143,158
523,422,493
524,202,288
525,126,142
526,269,272
527,27,64
528,461,466
529,463,478
530,417,454
531,32,73
532,505,3
533,63,74
534,327,394
535,381,396
536,201,230
537,148,184
538,122,196
539,221,236
540,349,391
541,106,198
542,406,498
543,204,275
544,537,152
545,258,281
546,425,444
547,237,255
548,334,400
549,80,87
550,137,175
551,450,473
552,208,291
553,112,138
554,321,354
555,413,440
556,521,178
557,222,229
558,65,69
559,364,386
560,213,219
561,121,145
562,552,267
563,211,240
564,421,447
565,522,136
566,46,61
567,66,98
568,539,244
569,114,127
570,516,71
571,420,495
572,410,500
573,172,193
574,409,424
575,527,25
576,53,59
577,509,314
578,442,490
579,465,482
580,35,90
581,562,504
582,560,259
583,140,164
584,271,289
585,151,155
586,115,150
587,515,245
588,101,195
589,177,189
590,48,76
591,262,287
592,315,361
593,118,159
594,231,297
595,363,369
596,437,453
597,307,378
598,507,385
599,180,185
600,326,397
601,109,163
602,302,319
603,531,7
604,402,491
605,534,316
606,346,355
607,532,23
608,445,460
609,561,190
610,310,338
611,548,303
612,340,341
613,545,252
614,215,249
615,429,436
616,33,70
617,260,294
618,322,344
619,345,383
620,173,181
621,224,233
622,253,280
623,438,455
624,330,384
625,320,388
626,580,81
627,557,520
628,9,15
629,554,325
630,414,459
631,471,475
632,528,492
633,82,99
634,335,382
635,210,299
636,574,564
637,250,273
638,203,286
639,434,449
640,526,508
641,530,430
642,131,165
643,590,38
644,565,183
645,511,350
646,549,512
647,308,357
648,614,265
649,223,226
650,604,551
651,4,92
652,50,56
653,418,439
654,43,94
655,331,343
656,583,167
657,22,28
658,593,147
659,591,514
660,52,84
661,587,568
662,405,489
663,577,311
664,570,2
665,553,503
666,605,387
667,506,446
668,451,456
669,17,30
670,589,107
671,600,535
672,558,510
673,111,197
674,575,96
675,550,124
676,41,75
677,571,433
678,13,95
679,599,501
680,572,523
681,374,379
682,235,293
683,640,635
684,641,435
685,616,85
686,105,168
687,102,169
688,646,89
689,24,39
690,403,419
691,675,139
692,645,612
693,594,248
694,661,254
695,669,633
696,655,339
697,479,481
698,362,398
699,304,358
700,588,182
701,586,556
702,666,595
703,524,284
704,502,347
705,607,51
706,306,393
707,660,29
708,243,264
709,611,519
710,578,486
711,584,279
712,674,626
713,337,375
714,680,639
715,625,540
716,619,559
717,656,609
718,601,525
719,606,377
720,567,533
721,617,613
722,392,395
723,566,72
724,668,499
725,643,31
726,432,472
727,711,582
728,634,610
729,618,598
730,701,176
731,685,517
732,14,60
733,664,11
734,581,547
735,687,191
736,683,622
737,216,263
738,458,487
739,563,234
740,727,270
741,579,477
742,691,171
743,686,141
744,638,282
745,546,496
746,620,130
747,332,373
748,26,58
749,256,283
750,443,474
751,672,100
752,585,117
753,659,536
754,448,468
755,596,469
756,615,476
757,166,192
758,628,20
759,712,83
760,671,592
761,630,494
762,637,212
763,650,428
764,717,700
765,706,317
766,710,684
767,752,120
768,654,88
769,644,110
770,721,627
771,689,603
772,632,542
773,665,174
774,266,290
775,513,128
776,218,296
777,753,694
778,703,648
779,714,608
780,555,416
781,704,629
782,662,411
783,733,732
784,695,651
785,78,93
786,678,47
787,624,336
788,647,518
789,724,623
790,757,133
791,702,348
792,763,529
793,206,241
794,766,697
795,621,261
796,54,68
797,154,179
798,731,720
799,705,8
800,631,423
801,108,194
802,123,160
803,352,372
804,744,300
805,653,431
806,777,209
807,758,652
808,718,134
809,787,716
810,679,569
811,769,730
812,770,693
813,157,162
814,707,18
815,779,754
816,780,738
817,771,751
818,10,37
819,783,19
820,541,538
821,798,688
822,796,723
823,728,663
824,792,750
825,729,709
826,806,762
827,819,62
828,722,699
829,791,602
830,764,735
831,713,371
832,784,759
833,821,799
834,749,214
835,658,188
836,795,736
837,247,292
838,767,742
839,789,636
840,823,696
841,715,323
842,573,544
843,755,667
844,794,782
845,800,462
846,761,427
847,740,277
848,833,817
849,804,793
850,649,298
851,836,812
852,847,734
853,841,760
854,719,370
855,132,200
856,324,353
857,775,670
858,808,161
859,811,810
860,415,441
861,825,692
862,342,365
863,741,485
864,467,497
865,843,745
866,824,677
867,690,484
868,737,242
869,848,657
870,802,149
871,829,809
872,673,104
873,834,778
874,748,725
875,682,543
876,852,826
877,803,376
878,832,34
879,401,452
880,681,301
881,698,318
882,844,457
883,865,815
884,830,797
885,820,773
886,858,743
887,878,874
888,470,480
889,776,225
890,781,367
891,853,328
892,822,768
893,839,805
894,739,251
895,831,360
896,790,186
897,860,772
898,876,851
899,866,845
900,868,849
901,861,788
902,884,859
903,870,125
904,854,356
905,872,746
906,869,807
907,726,407
908,786,77
909,887,827
910,873,238
911,842,135
912,882,863
913,880,871
914,885,838
915,846,816
916,894,850
917,901,840
918,904,891
919,895,765
920,1,6
921,44,55
922,909,906
923,892,36
924,900,875
925,918,890
926,910,898
927,708,276
928,676,576
929,813,642
930,886,857
931,924,227
932,828,597
933,899,756
934,897,864
935,915,883
936,926,774
937,917,913
938,855,116
939,930,902
940,923,922
941,911,199
942,914,905
943,907,893
944,933,912
945,934,867
946,943,935
947,925,877
948,937,747
949,942,835
950,928,79
951,936,889
952,951,916
953,932,919
954,949,939
955,948,947
956,927,205
957,946,944
958,941,801
959,426,488
960,940,908
961,929,896
962,954,903
963,955,953
964,960,785
965,952,931
966,957,945
967,962,961
968,921,40
969,964,814
970,969,950
971,963,856
972,879,412
973,956,232
974,967,958
975,970,920
976,965,837
977,971,881
978,976,274
979,959,888
980,975,12
981,973,257
982,980,968
983,974,938
984,981,978
985,982,97
986,972,966
987,986,404
988,985,818
989,977,862
990,989,305
991,987,979
992,983,170
993,990,389
994,992,187
995,991,483
996,993,988
997,994,984
