301,240,252
302,158,191
303,56,83
304,268,295
305,127,167
306,122,190
307,266,289
308,246,275
309,63,72
310,31,52
311,4,75
312,251,253
313,278,293
314,250,261
315,207,284
316,79,90
317,57,73
318,107,195
319,59,94
320,128,144
321,105,172
322,235,276
323,34,46
324,188,197
325,205,264
326,224,294
327,119,152
328,154,182
329,103,189
330,51,88
331,256,285
332,325,308
333,145,171
334,44,87
335,132,177
336,6,20
337,15,25
338,23,27
339,28,81
340,310,22
341,134,166
342,153,156
343,116,131
344,305,163
345,111,135
346,241,283
347,335,174
348,320,183
349,313,272
350,265,299
351,47,55
352,114,170
353,230,267
354,16,65
355,11,95
356,306,181
357,54,85
358,311,303
359,217,220
360,332,273
361,26,91
362,236,263
363,113,165
364,244,286
365,304,216
366,327,318
367,339,36
368,349,203
369,9,93
370,41,70
371,120,168
372,67,86
373,218,254
374,333,137
375,229,234
376,10,14
377,323,84
378,348,115
379,334,60
380,239,277
381,336,8
382,315,204
383,117,180
384,109,187
385,48,50
386,319,5
387,360,212
388,129,148
389,242,255
390,321,121
391,214,269
392,233,247
393,346,223
394,19,96
395,108,179
396,24,64
397,219,243
398,371,363
399,21,58
400,341,164
401,213,228
402,365,201
403,355,89
404,345,186
405,368,314
406,178,193
407,324,176
408,104,106
409,35,40
410,76,99
411,338,18
412,367,330
413,301,298
414,147,151
415,312,231
416,390,366
417,208,210
418,400,185
419,226,300
420,302,196
421,344,342
422,393,326
423,221,258
424,358,357
425,126,149
426,257,260
427,143,194
428,387,307
429,381,379
430,49,62
431,403,42
432,376,17
433,359,222
434,422,402
435,225,297
436,322,206
437,396,12
438,343,146
439,377,7
440,309,82
441,29,39
442,101,157
443,361,337
444,429,317
445,329,169
446,411,386
447,150,199
448,420,328
449,43,98
450,118,162
451,382,238
452,428,415
453,417,350
454,407,352
455,421,356
456,374,123
457,436,405
458,409,316
459,353,296
460,431,351
461,408,347
462,450,398
463,340,38
464,439,412
465,451,262
466,406,383
467,413,380
468,373,362
469,441,440
470,445,192
471,437,410
472,416,155
473,389,209
474,227,237
475,427,404
476,446,424
477,454,384
478,432,33
479,444,13
480,461,130
481,455,418
482,459,401
483,354,66
484,449,430
485,468,433
486,125,161
487,30,100
488,472,438
489,370,2
490,399,372
491,136,140
492,425,414
493,92,97
494,457,391
495,394,385
496,271,279
497,435,274
498,3,69
499,102,110
500,476,460
501,479,463
502,378,124
503,494,426
504,474,434
505,477,139
506,453,397
507,466,395
508,452,423
509,506,249
510,364,331
511,392,211
512,490,369
513,480,200
514,456,138
515,500,471
516,248,291
517,488,481
518,68,78
519,489,443
520,462,448
521,505,447
522,508,503
523,32,61
524,282,287
525,504,473
526,442,160
527,464,37
528,458,74
529,509,465
530,517,475
531,482,281
532,159,198
533,495,469
534,527,515
535,530,520
536,525,524
537,521,133
538,501,484
539,511,375
540,534,512
541,529,485
542,522,510
543,519,483
544,492,141
545,290,292
546,540,528
547,470,175
548,245,270
549,467,419
550,542,541
551,537,535
552,546,538
553,550,536
554,112,184
555,202,280
556,544,513
557,478,80
558,523,518
559,543,1
560,514,486
561,549,539
562,507,499
563,142,173
564,559,552
565,561,516
566,531,497
567,560,491
568,553,496
569,562,388
570,551,547
571,564,533
572,487,77
573,568,566
574,545,288
575,570,556
576,498,45
577,557,493
578,573,565
579,575,502
580,572,571
581,558,53
582,579,567
583,580,577
584,555,232
585,582,569
586,581,576
587,578,548
588,585,526
589,586,583
590,588,554
591,587,584
592,591,259
593,589,71
594,590,563
595,592,574
596,594,532
597,595,215
