501,355,377
502,29,52
503,16,86
504,228,278
505,306,393
506,7,73
507,137,175
508,112,174
509,422,493
510,472,499
511,267,291
512,451,456
513,345,387
514,136,145
515,207,288
516,118,147
517,440,458
518,331,335
519,203,286
520,309,388
521,223,279
522,85,89
523,30,46
524,5,14
525,109,119
526,443,453
527,2,11
528,113,153
529,164,185
530,514,178
531,237,255
532,266,295
533,126,169
534,64,99
535,206,246
536,45,71
537,23,74
538,216,221
539,258,297
540,381,390
541,201,230
542,27,82
543,42,70
544,462,486
545,520,312
546,239,277
547,507,151
548,215,268
549,127,183
550,429,436
551,340,400
552,128,200
553,282,298
554,413,473
555,321,352
556,334,368
557,313,369
558,101,121
559,409,447
560,450,491
561,308,371
562,88,98
563,410,475
564,217,252
565,146,190
566,343,399
567,224,280
568,322,350
569,9,32
570,517,465
571,315,317
572,233,261
573,152,193
574,511,265
575,513,364
576,22,69
577,202,272
578,508,138
579,423,433
580,157,162
581,167,179
582,125,160
583,107,158
584,28,56
585,504,287
586,526,430
587,537,506
588,349,359
589,139,155
590,532,289
591,482,485
592,311,333
593,505,344
594,53,59
595,510,455
596,541,281
597,523,17
598,548,294
599,79,90
600,51,60
601,552,549
602,220,290
603,142,168
604,406,466
605,316,325
606,172,184
607,539,248
608,540,397
609,434,439
610,211,240
611,476,487
612,461,492
613,553,245
614,543,8
615,66,91
616,253,269
617,327,396
618,533,102
619,530,156
620,522,67
621,303,329
622,529,103
623,432,445
624,534,80
625,564,299
626,563,463
627,509,469
628,416,496
629,310,341
630,326,361
631,339,366
632,558,189
633,428,467
634,414,500
635,590,229
636,408,444
637,120,148
638,501,354
639,114,182
640,437,464
641,212,234
642,525,150
643,515,214
644,560,494
645,595,459
646,551,373
647,614,503
648,634,401
649,495,498
650,374,384
651,243,264
652,535,222
653,542,100
654,574,531
655,18,84
656,625,260
657,54,61
658,598,208
659,643,296
660,111,166
661,588,320
662,619,176
663,25,43
664,617,555
665,618,581
666,521,213
667,435,454
668,36,62
669,565,195
670,129,161
671,418,477
672,613,596
673,608,323
674,417,481
675,584,1
676,304,358
677,209,236
678,302,319
679,627,468
680,231,241
681,3,31
682,609,512
683,55,96
684,568,557
685,585,254
686,593,362
687,603,105
688,631,592
689,612,586
690,635,546
691,682,559
692,210,284
693,556,545
694,624,587
695,419,470
696,219,259
697,637,589
698,623,544
699,622,516
700,122,197
701,597,76
702,106,171
703,421,490
704,123,149
705,10,37
706,363,398
707,658,270
708,251,257
709,645,460
710,247,292
711,633,554
712,518,382
713,575,301
714,653,57
715,163,181
716,204,293
717,527,92
718,638,630
719,78,87
720,601,528
721,572,227
722,660,578
723,35,50
724,536,81
725,699,669
726,666,262
727,620,4
728,47,95
729,697,547
730,656,567
731,652,519
732,39,65
733,348,356
734,606,199
735,684,571
736,655,502
737,576,33
738,723,48
739,680,285
740,72,94
741,110,132
742,442,457
743,665,632
744,693,673
745,337,370
746,745,375
747,591,405
748,607,577
749,701,694
750,307,378
751,538,244
752,729,662
753,336,394
754,711,644
755,566,372
756,116,117
757,686,392
758,718,605
759,689,402
760,242,263
761,667,449
762,641,238
763,688,328
764,720,180
765,346,347
766,235,283
767,642,582
768,600,599
769,124,192
770,647,524
771,659,654
772,695,649
773,672,225
774,691,636
775,717,77
776,615,13
777,671,431
778,707,685
779,646,383
780,748,721
781,757,706
782,332,376
783,687,134
784,629,380
785,768,714
786,675,562
787,709,438
788,676,314
789,452,479
790,611,550
791,41,75
792,305,379
793,657,12
794,737,719
795,727,20
796,741,131
797,648,478
798,771,616
799,425,427
800,722,144
801,744,385
802,742,674
803,692,610
804,569,21
805,784,712
806,733,664
807,781,735
808,772,604
809,750,561
810,24,38
811,679,640
812,218,226
813,626,448
814,774,570
815,159,196
816,785,749
817,767,670
818,778,690
819,650,351
820,728,19
821,338,360
822,787,754
823,40,83
824,798,780
825,678,330
826,474,480
827,814,759
828,140,188
829,777,747
830,789,412
831,762,256
832,273,300
833,769,700
834,621,353
835,743,725
836,594,26
837,773,275
838,583,154
839,807,713
840,811,790
841,715,115
842,726,708
843,801,758
844,483,489
845,797,628
846,802,703
847,835,639
848,806,661
849,816,724
850,822,698
851,681,68
852,793,683
853,752,734
854,795,668
855,651,276
856,818,731
857,786,770
858,827,808
859,824,730
860,796,108
861,677,250
862,843,839
863,738,663
864,856,751
865,803,602
866,753,386
867,143,165
868,799,446
869,862,848
870,177,187
871,847,764
872,837,716
873,800,141
874,849,34
875,873,783
876,740,705
877,853,817
878,850,845
879,580,191
880,776,15
881,805,763
882,864,859
883,342,365
884,761,484
885,696,271
886,820,44
887,863,775
888,821,357
889,841,702
890,579,420
891,875,871
892,874,854
893,878,840
894,857,6
895,891,877
896,765,746
897,869,779
898,887,851
899,882,872
900,826,424
901,897,881
902,880,852
903,756,198
904,893,813
905,894,732
906,902,892
907,186,194
908,904,858
909,838,833
910,828,573
911,885,861
912,760,739
913,810,804
914,755,391
915,860,173
916,884,403
917,907,133
918,865,710
919,411,471
920,895,704
921,846,830
922,914,901
923,899,831
924,906,898
925,913,736
926,836,794
927,909,889
928,922,866
929,788,395
930,928,819
931,923,918
932,825,792
933,908,829
934,931,842
935,927,920
936,930,834
937,766,249
938,933,868
939,936,809
940,926,924
941,934,912
942,940,905
943,935,879
944,938,921
945,944,916
946,823,97
947,910,815
948,943,867
949,941,911
950,942,925
951,939,929
952,915,130
953,896,367
954,951,782
955,945,900
956,950,886
957,949,832
958,948,903
959,954,888
960,957,937
961,919,890
962,959,953
963,955,415
964,958,947
965,324,389
966,917,870
967,964,952
968,962,932
969,956,946
970,969,876
971,967,135
972,970,791
973,812,274
974,855,232
975,426,488
976,963,961
977,968,883
978,977,318
979,973,960
980,979,974
981,971,966
982,980,205
983,976,404
984,972,49
985,983,844
986,984,63
987,985,975
988,978,965
989,981,104
990,987,497
991,990,407
992,991,441
993,986,93
994,993,58
995,989,170
996,995,982
997,994,988
