501,126,142
502,228,278
503,137,139
504,430,481
505,309,312
506,113,153
507,16,86
508,118,147
509,260,281
510,13,85
511,206,231
512,355,377
513,28,91
514,321,352
515,156,178
516,202,224
517,237,255
518,136,145
519,422,493
520,507,23
521,381,397
522,462,486
523,267,291
524,146,190
525,248,297
526,418,438
527,345,387
528,207,295
529,105,168
530,453,491
531,111,197
532,73,74
533,112,138
534,414,459
535,434,456
536,320,349
537,5,71
538,243,264
539,417,442
540,109,119
541,167,179
542,56,100
543,127,180
544,503,151
545,140,169
546,471,492
547,474,500
548,306,363
549,315,369
550,201,289
551,29,52
552,2,14
553,219,229
554,148,184
555,42,70
556,30,46
557,527,364
558,472,499
559,523,208
560,325,354
561,508,164
562,477,482
563,334,368
564,521,396
565,446,464
566,331,335
567,213,239
568,336,386
569,450,478
570,9,32
571,409,447
572,435,454
573,532,520
574,27,64
575,7,92
576,440,458
577,83,90
578,510,89
579,235,258
580,505,388
581,518,515
582,529,501
583,242,294
584,411,479
585,473,480
586,348,394
587,322,344
588,149,185
589,236,246
590,502,287
591,252,261
592,559,517
593,230,254
594,217,280
595,516,272
596,524,189
597,223,279
598,17,99
599,103,121
600,302,319
601,410,475
602,573,76
603,47,67
604,535,451
605,528,288
606,253,269
607,530,469
608,380,390
609,429,436
610,526,455
611,552,537
612,333,346
613,316,374
614,115,143
615,244,245
616,506,128
617,533,174
618,570,43
619,61,65
620,203,286
621,551,84
622,476,487
623,340,373
624,129,161
625,509,282
626,88,98
627,108,152
628,124,171
629,303,357
630,132,200
631,576,465
632,590,268
633,53,59
634,445,460
635,594,299
636,566,339
637,543,183
638,131,165
639,545,102
640,403,461
641,308,371
642,122,196
643,307,359
644,536,356
645,343,382
646,313,350
647,437,444
648,10,37
649,215,265
650,221,283
651,11,19
652,326,400
653,210,284
654,574,556
655,564,514
656,569,443
657,611,60
658,550,511
659,428,433
660,629,563
661,558,432
662,22,69
663,175,198
664,504,457
665,211,271
666,555,513
667,209,214
668,601,463
669,317,393
670,166,192
671,546,498
672,596,150
673,163,181
674,544,117
675,619,542
676,588,123
677,631,416
678,548,398
679,646,587
680,607,494
681,240,247
682,577,82
683,617,155
684,593,273
685,605,266
686,212,262
687,579,225
688,519,468
689,157,162
690,554,160
691,1,45
692,603,578
693,572,490
694,427,439
695,575,21
696,654,598
697,583,270
698,635,595
699,612,337
700,639,195
701,636,310
702,580,361
703,541,176
704,311,358
705,562,485
706,672,540
707,602,8
708,625,553
709,604,571
710,3,31
711,649,227
712,660,327
713,567,277
714,25,72
715,547,522
716,614,110
717,599,101
718,645,399
719,671,467
720,655,512
721,650,216
722,534,401
723,664,539
724,707,666
725,626,94
726,222,256
727,107,158
728,700,561
729,686,632
730,406,466
731,581,191
732,424,449
733,304,395
734,685,658
735,679,549
736,220,290
737,694,408
738,613,384
739,114,182
740,591,285
741,419,470
742,659,495
743,729,234
744,678,669
745,610,431
746,592,292
747,714,96
748,20,62
749,620,241
750,637,616
751,708,298
752,695,97
753,720,644
754,647,565
755,238,250
756,683,674
757,667,296
758,657,4
759,582,134
760,80,93
761,723,584
762,712,329
763,634,496
764,652,608
765,662,87
766,706,125
767,738,351
768,606,233
769,730,719
770,698,653
771,690,627
772,732,722
773,586,568
774,696,35
775,764,735
776,600,330
777,691,675
778,769,680
779,251,257
780,402,413
781,34,48
782,699,560
783,727,531
784,26,57
785,621,18
786,623,383
787,538,276
788,643,391
789,341,366
790,702,323
791,697,249
792,742,423
793,746,734
794,740,589
795,756,663
796,758,692
797,725,724
798,715,609
799,703,638
800,668,656
801,763,661
802,106,173
803,728,717
804,651,618
805,51,79
806,743,615
807,557,301
808,744,362
809,687,525
810,622,420
811,40,68
812,749,263
813,705,405
814,771,172
815,737,425
816,731,670
817,44,55
818,780,585
819,793,751
820,774,747
821,701,314
822,798,693
823,766,624
824,328,360
825,597,226
826,797,765
827,770,768
828,785,6
829,704,347
830,353,385
831,120,177
832,772,745
833,773,379
834,778,640
835,760,633
836,759,673
837,791,711
838,795,628
839,782,753
840,682,58
841,826,777
842,641,378
843,754,688
844,733,392
845,806,755
846,750,676
847,736,665
848,342,365
849,811,75
850,748,36
851,819,713
852,370,375
853,721,684
854,24,38
855,716,630
856,204,293
857,790,775
858,823,816
859,804,752
860,820,796
861,757,218
862,761,412
863,63,66
864,642,199
865,709,421
866,857,839
867,710,33
868,861,794
869,783,154
870,827,809
871,858,836
872,803,188
873,232,275
874,762,338
875,846,838
876,689,144
877,860,859
878,818,741
879,870,851
880,834,484
881,133,186
882,801,800
883,850,15
884,718,372
885,822,813
886,841,805
887,865,832
888,767,332
889,872,799
890,840,781
891,874,808
892,880,677
893,843,815
894,886,877
895,807,367
896,825,779
897,821,789
898,862,452
899,845,726
900,39,78
901,835,95
902,866,788
903,887,885
904,879,853
905,871,141
906,802,116
907,904,837
908,831,814
909,902,891
910,897,824
911,905,875
912,903,892
913,907,899
914,864,104
915,856,300
916,878,415
917,909,833
918,884,786
919,889,159
920,919,739
921,913,868
922,882,792
923,894,883
924,863,854
925,12,50
926,867,784
927,920,911
928,847,681
929,922,912
930,917,895
931,849,41
932,930,910
933,888,829
934,923,890
935,929,893
936,483,489
937,927,908
938,935,898
939,876,869
940,934,926
941,848,830
942,906,855
943,932,918
944,928,921
945,940,901
946,324,389
947,812,259
948,939,937
949,943,933
950,931,54
951,881,194
952,938,916
953,945,828
954,842,776
955,947,944
956,948,942
957,949,844
958,953,925
959,957,954
960,958,924
961,896,787
962,817,81
963,961,955
964,962,960
965,956,914
966,952,810
967,873,205
968,964,950
969,959,941
970,963,915
971,969,852
972,426,488
973,966,448
974,968,900
975,974,648
976,951,130
977,975,77
978,135,193
979,978,965
980,970,967
981,971,376
982,981,305
983,982,318
984,979,976
985,977,49
986,973,404
987,986,497
988,983,946
989,980,274
990,987,972
991,990,441
992,991,936
993,992,407
994,984,187
995,994,170
996,995,989
997,988,985
