301,158,191
302,266,289
303,63,72
304,240,252
305,205,275
306,107,195
307,145,171
308,79,90
309,163,190
310,153,156
311,152,166
312,31,52
313,132,174
314,265,299
315,111,135
316,23,27
317,4,5
318,268,295
319,128,144
320,28,43
321,305,273
322,250,263
323,272,278
324,127,167
325,311,306
326,59,93
327,106,177
328,26,91
329,6,20
330,113,176
331,207,284
332,154,182
333,41,70
334,15,34
335,241,283
336,323,293
337,264,276
338,256,285
339,60,87
340,223,294
341,10,14
342,67,86
343,8,16
344,321,201
345,19,96
346,251,253
347,120,168
348,117,119
349,307,137
350,109,187
351,47,55
352,204,220
353,1,75
354,122,126
355,319,183
356,103,189
357,114,131
358,134,162
359,218,254
360,317,49
361,324,310
362,165,196
363,315,186
364,328,46
365,329,44
366,42,56
367,229,234
368,344,212
369,24,64
370,216,255
371,235,242
372,233,247
373,208,209
374,221,258
375,340,237
376,331,226
377,129,148
378,35,40
379,326,316
380,303,85
381,337,203
382,348,325
383,304,302
384,48,54
385,57,73
386,327,313
387,341,25
388,330,197
389,322,206
390,213,228
391,244,246
392,81,88
393,217,222
394,357,301
395,214,297
396,384,94
397,121,172
398,364,334
399,11,89
400,343,13
401,230,267
402,355,115
403,105,146
404,361,185
405,370,227
406,362,309
407,336,257
408,239,298
409,335,287
410,143,194
411,231,248
412,387,17
413,7,95
414,39,99
415,354,180
416,358,118
417,382,170
418,21,51
419,366,360
420,356,192
421,376,262
422,400,365
423,30,36
424,18,50
425,380,345
426,391,236
427,210,219
428,318,224
429,381,261
430,367,238
431,419,83
432,188,199
433,368,281
434,147,151
435,369,76
436,349,138
437,413,351
438,385,312
439,407,395
440,377,193
441,108,178
442,379,342
443,398,84
444,333,2
445,429,389
446,352,314
447,427,249
448,386,104
449,401,296
450,383,372
451,394,155
452,157,160
453,409,269
454,320,308
455,412,33
456,359,260
457,417,404
458,373,271
459,403,130
460,431,399
461,29,45
462,338,286
463,428,405
464,136,140
465,32,69
466,422,65
467,350,133
468,164,181
469,82,97
470,279,282
471,390,232
472,22,38
473,112,116
474,346,292
475,402,124
476,416,347
477,414,396
478,439,374
479,225,274
480,415,149
481,102,110
482,445,371
483,460,435
484,410,406
485,420,397
486,450,433
487,243,270
488,58,68
489,483,437
490,455,9
491,363,169
492,423,392
493,468,457
494,442,100
495,421,411
496,453,375
497,12,71
498,446,393
499,332,198
500,438,339
501,434,141
502,125,161
503,484,432
504,498,447
505,477,424
506,444,443
507,463,408
508,493,467
509,448,200
510,500,472
511,503,476
512,482,478
513,454,418
514,353,37
515,494,489
516,449,245
517,426,291
518,488,78
519,139,150
520,512,456
521,508,388
522,211,280
523,485,451
524,495,300
525,497,66
526,507,496
527,436,123
528,513,466
529,515,425
530,523,521
531,486,430
532,529,505
533,531,520
534,462,458
535,378,74
536,465,61
537,517,504
538,530,511
539,528,492
540,490,80
541,142,173
542,499,441
543,527,502
544,509,459
545,469,3
546,525,506
547,533,474
548,470,259
549,481,440
550,537,526
551,62,98
552,491,464
553,547,534
554,540,92
555,550,524
556,553,479
557,544,473
558,501,480
559,536,518
560,539,532
561,519,452
562,516,471
563,556,555
564,101,159
565,560,510
566,557,538
567,545,461
568,542,179
569,565,546
570,558,475
571,522,487
572,570,566
573,568,543
574,569,535
575,563,562
576,561,552
577,574,514
578,559,53
579,577,554
580,576,572
581,579,567
582,551,77
583,580,573
584,582,581
585,575,571
586,583,549
587,548,277
588,175,184
589,584,578
590,586,541
591,587,585
592,590,588
593,288,290
594,591,202
595,592,564
596,594,593
597,596,215
