701,511,557
702,570,579
703,248,249
704,413,421
705,106,195
706,502,521
707,701,588
708,541,554
709,706,506
710,57,70
711,313,347
712,133,179
713,326,383
714,364,382
715,490,491
716,423,462
717,372,381
718,139,149
719,11,66
720,122,191
721,628,690
722,667,681
723,505,558
724,518,537
725,434,470
726,715,417
727,305,395
728,13,34
729,609,674
730,152,178
731,633,665
732,683,684
733,207,265
734,484,498
735,616,624
736,618,619
737,424,442
738,431,496
739,534,582
740,663,687
741,620,656
742,453,485
743,709,514
744,140,165
745,562,580
746,228,235
747,473,494
748,605,673
749,28,29
750,12,17
751,219,292
752,41,47
753,644,664
754,254,261
755,358,400
756,320,376
757,522,536
758,348,359
759,284,297
760,217,299
761,213,227
762,16,46
763,743,532
764,23,98
765,509,593
766,749,53
767,481,492
768,9,15
769,35,36
770,714,342
771,574,599
772,173,185
773,711,374
774,404,459
775,450,482
776,118,141
777,233,278
778,111,126
779,61,81
780,617,672
781,91,99
782,722,622
783,405,438
784,31,79
785,623,671
786,653,688
787,429,447
788,713,316
789,214,216
790,236,294
791,731,650
792,153,176
793,146,168
794,467,478
795,18,90
796,119,130
797,475,500
798,143,164
799,712,109
800,420,472
801,759,751
802,734,410
803,777,286
804,728,56
805,388,391
806,730,120
807,631,634
808,260,296
809,645,649
810,275,283
811,703,222
812,456,479
813,414,468
814,86,95
815,378,386
816,729,697
817,408,409
818,147,171
819,212,229
820,501,519
821,416,489
822,262,289
823,707,702
824,309,361
825,422,432
826,353,393
827,553,559
828,355,398
829,792,160
830,515,569
831,211,226
832,755,341
833,401,446
834,182,200
835,250,266
836,242,274
837,753,679
838,328,336
839,726,483
840,615,630
841,640,682
842,737,488
843,33,63
844,520,583
845,750,710
846,602,639
847,181,192
848,425,428
849,538,596
850,719,48
851,720,137
852,610,686
853,575,594
854,821,436
855,788,373
856,437,440
857,732,696
858,552,572
859,311,360
860,325,349
861,403,463
862,744,163
863,718,103
864,601,675
865,503,516
866,19,71
867,807,748
868,603,637
869,786,735
870,764,67
871,629,632
872,549,555
873,571,591
874,351,394
875,738,725
876,795,769
877,22,27
878,774,767
879,810,230
880,315,340
881,691,694
882,754,285
883,330,392
884,842,802
885,105,198
886,740,670
887,627,655
888,384,385
889,138,157
890,763,708
891,448,480
892,444,477
893,782,680
894,705,158
895,839,794
896,791,654
897,890,567
898,310,387
899,758,352
900,464,499
901,304,366
902,547,565
903,799,113
904,269,287
905,592,600
906,882,279
907,256,291
908,202,221
909,112,167
910,50,72
911,781,38
912,796,110
913,771,578
914,739,545
915,612,695
916,760,280
917,793,186
918,517,531
919,779,30
920,780,643
921,10,26
922,344,345
923,117,166
924,314,365
925,49,51
926,820,528
927,824,337
928,669,700
929,621,625
930,850,804
931,449,454
932,854,742
933,346,397
934,224,243
935,52,97
936,761,282
937,25,87
938,907,270
939,888,332
940,817,783
941,548,564
942,458,469
943,808,203
944,206,259
945,240,290
946,752,8
947,54,78
948,798,128
949,805,377
950,845,768
951,855,356
952,411,495
953,455,476
954,815,302
955,154,180
956,412,439
957,813,487
958,613,692
959,334,370
960,507,533
961,323,367
962,741,677
963,919,784
964,102,124
965,641,657
966,864,648
967,253,268
968,542,573
969,849,576
970,170,175
971,826,727
972,898,333
973,1,88
974,443,460
975,32,65
976,307,354
977,896,646
978,881,678
979,132,151
980,865,823
981,861,426
982,37,43
983,835,223
984,806,189
985,836,255
986,915,652
987,876,58
988,869,659
989,968,529
990,874,773
991,973,14
992,757,527
993,879,298
994,903,829
995,155,162
996,419,493
997,908,204
998,277,293
999,906,295
1000,894,135
1001,811,733
1002,921,762
1003,62,74
1004,848,427
1005,258,271
1006,930,20
1007,838,770
1008,642,647
1009,125,174
1010,980,581
1011,306,312
1012,80,92
1013,946,94
1014,1001,789
1015,187,199
1016,893,809
1017,837,636
1018,116,184
1019,872,585
1020,965,699
1021,301,303
1022,976,368
1023,901,832
1024,979,847
1025,724,523
1026,662,668
1027,858,563
1028,797,435
1029,902,830
1030,115,159
1031,875,856
1032,801,746
1033,402,466
1034,972,860
1035,676,685
1036,308,335
1037,338,350
1038,892,812
1039,944,225
1040,134,144
1041,745,568
1042,778,183
1043,121,190
1044,704,461
1045,950,69
1046,904,232
1047,844,765
1048,263,276
1049,21,68
1050,988,785
1051,841,606
1052,877,814
1053,938,247
1054,508,584
1055,825,451
1056,851,107
1057,954,859
1058,1014,831
1059,971,399
1060,911,2
1061,955,169
1062,985,215
1063,895,878
1064,975,44
1065,883,880
1066,853,561
1067,926,544
1068,994,834
1069,638,651
1070,940,891
1071,957,406
1072,1016,887
1073,756,375
1074,1023,828
1075,1010,914
1076,987,40
1077,913,723
1078,897,504
1079,209,257
1080,900,465
1081,910,82
1082,918,827
1083,945,238
1084,934,241
1085,1028,457
1086,917,862
1087,1006,843
1088,1052,991
1089,1031,996
1090,867,604
1091,936,267
1092,1026,608
1093,931,775
1094,884,445
1095,920,871
1096,1038,800
1097,966,660
1098,948,145
1099,977,840
1100,1055,716
1101,819,245
1102,933,927
1103,1032,999
1104,1058,210
1105,717,318
1106,960,525
1107,986,666
1108,546,586
1109,909,156
1110,863,127
1111,1069,886
1112,1034,951
1113,1007,922
1114,1101,916
1115,530,543
1116,1105,1057
1117,970,148
1118,992,597
1119,956,932
1120,1045,870
1121,526,589
1122,237,300
1123,84,85
1124,1063,981
1125,818,101
1126,1059,990
1127,1046,822
1128,1078,905
1129,962,846
1130,1000,984
1131,935,4
1132,1071,486
1133,1042,1009
1134,1003,1002
1135,993,272
1136,1099,611
1137,1110,1068
1138,1067,524
1139,1093,787
1140,899,362
1141,1056,912
1142,1090,1035
1143,1072,852
1144,1029,550
1145,1102,949
1146,1087,1013
1147,1088,89
1148,803,252
1149,1128,1082
1150,1111,689
1151,1118,989
1152,961,321
1153,418,497
1154,1139,833
1155,964,142
1156,1086,129
1157,5,93
1158,1076,766
1159,1103,943
1160,1040,108
1161,953,474
1162,1144,873
1163,1095,1050
1164,1124,1119
1165,1004,952
1166,866,6
1167,1113,1074
1168,1107,929
1169,1025,513
1170,1126,1112
1171,1060,963
1172,1075,577
1173,201,281
1174,1021,329
1175,816,721
1176,1146,1120
1177,1030,995
1178,1020,1017
1179,540,566
1180,1065,317
1181,441,471
1182,1104,997
1183,1036,390
1184,924,369
1185,1053,790
1186,1148,231
1187,1096,1094
1188,889,177
1189,1159,1127
1190,1150,1097
1191,885,136
1192,1135,251
1193,1011,389
1194,1134,982
1195,1172,1077
1196,1132,1089
1197,1169,1019
1198,161,194
1199,1177,172
1200,1008,736
1201,1091,998
1202,937,75
1203,1054,1047
1204,1027,969
1205,1043,923
1206,1070,747
1207,939,319
1208,1114,1079
1209,1143,698
1210,1015,188
1211,343,371
1212,512,556
1213,1160,196
1214,1109,131
1215,1186,1039
1216,1022,379
1217,1147,1012
1218,1151,1041
1219,1156,150
1220,1117,1024
1221,1161,407
1222,3,83
1223,123,193
1224,983,205
1225,974,415
1226,1195,1149
1227,1163,978
1228,1136,1129
1229,1092,857
1230,1173,1005
1231,1209,868
1232,1208,1182
1233,1141,1137
1234,1170,1145
1235,1165,1044
1236,1203,539
1237,1164,1154
1238,1219,1130
1239,1158,45
1240,1184,959
1241,1176,1171
1242,1152,1116
1243,1205,197
1244,1100,1085
1245,1234,1167
1246,218,273
1247,1083,1062
1248,1168,1142
1249,208,220
1250,42,59
1251,1157,100
1252,1226,1162
1253,1180,1174
1254,64,76
1255,1239,1064
1256,1188,772
1257,1242,1140
1258,1246,967
1259,1233,1199
1260,1229,1227
1261,626,635
1262,1241,1217
1263,1207,357
1264,1018,776
1265,1235,1187
1266,1232,1189
1267,1178,661
1268,1131,947
1269,1213,1125
1270,1252,1218
1271,1194,1081
1272,1192,1185
1273,560,590
1274,1238,1220
1275,1183,1073
1276,60,73
1277,1260,1190
1278,1247,1224
1279,1200,928
1280,942,452
1281,1197,1108
1282,1084,244
1283,1228,1051
1284,1265,1237
1285,1215,1201
1286,1133,1098
1287,1222,925
1288,1253,1245
1289,1262,1166
1290,1277,1231
1291,1281,1138
1292,1263,324
1293,1211,339
1294,1206,1196
1295,1289,1255
1296,1274,1259
1297,1270,1204
1298,1279,1248
1299,1221,1153
1300,1212,1115
1301,1106,941
1302,1214,1061
1303,1294,1284
1304,1123,77
1305,1292,331
1306,1297,1236
1307,1296,1269
1308,1295,1271
1309,1293,322
1310,1266,1230
1311,1216,1037
1312,1244,1225
1313,1307,1286
1314,1298,1290
1315,1288,1275
1316,1291,598
1317,7,39
1318,1121,1066
1319,1283,1175
1320,1251,1049
1321,1249,288
1322,1048,264
1323,1310,1278
1324,1316,1306
1325,1315,1257
1326,1313,1155
1327,363,380
1328,1312,1303
1329,1323,1272
1330,1325,1305
1331,1210,1191
1332,1314,1267
1333,1326,1264
1334,1332,1319
1335,1308,1202
1336,1181,433
1337,1243,1198
1338,1287,1268
1339,1329,1285
1340,1301,1179
1341,1335,1254
1342,1328,1299
1343,1309,1193
1344,1330,1240
1345,1318,535
1346,1333,1302
1347,1342,1080
1348,1340,1324
1349,1341,1250
1350,1122,246
1351,1344,1311
1352,1033,430
1353,1334,958
1354,1346,1337
1355,1348,1345
1356,1349,1338
1357,1321,1282
1358,1339,1258
1359,1354,1256
1360,1300,1273
1361,1356,1320
1362,1358,1357
1363,1347,1336
1364,1261,693
1365,1351,1343
1366,1362,239
1367,1353,658
1368,1304,96
1369,1359,1331
1370,1360,587
1371,1366,1350
1372,1363,1280
1373,1371,1322
1374,1365,1327
1375,1368,1361
1376,1369,1223
1377,1375,1317
1378,1370,1355
1379,1372,1352
1380,1377,1276
1381,1367,607
1382,1381,1364
1383,1378,510
1384,1380,24
1385,1374,327
1386,1373,234
1387,1383,551
1388,1376,114
1389,1385,396
1390,1382,614
1391,1387,595
1392,1384,55
1393,1388,104
1394,1389,1386
1395,1393,1390
1396,1392,1379
1397,1395,1394
