701,372,381
702,424,488
703,618,619
704,342,364
705,228,292
706,616,688
707,562,580
708,41,47
709,34,63
710,103,149
711,588,599
712,502,506
713,133,182
714,36,40
715,416,489
716,249,284
717,541,554
718,278,286
719,388,391
720,13,35
721,579,600
722,532,557
723,410,498
724,212,229
725,17,81
726,30,31
727,450,482
728,160,176
729,403,463
730,11,56
731,417,467
732,404,423
733,514,522
734,712,515
735,164,179
736,351,358
737,311,386
738,603,637
739,254,261
740,315,340
741,453,485
742,673,685
743,459,490
744,511,558
745,456,479
746,644,664
747,630,633
748,373,383
749,483,491
750,629,632
751,310,326
752,531,596
753,683,684
754,405,438
755,711,536
756,213,294
757,256,291
758,111,126
759,314,365
760,464,465
761,309,349
762,520,528
763,120,178
764,654,665
765,5,22
766,516,581
767,623,655
768,313,387
769,117,166
770,33,66
771,401,487
772,631,687
773,547,565
774,621,666
775,223,250
776,529,569
777,725,12
778,233,265
779,643,682
780,552,578
781,18,61
782,328,344
783,549,555
784,425,428
785,152,153
786,437,440
787,48,59
788,115,141
789,518,519
790,448,480
791,749,731
792,716,297
793,411,495
794,147,171
795,652,695
796,708,94
797,742,676
798,28,29
799,224,243
800,509,593
801,202,221
802,747,615
803,211,253
804,122,191
805,341,398
806,16,26
807,730,88
808,23,84
809,138,157
810,173,185
811,737,360
812,442,492
813,721,570
814,735,175
815,307,355
816,706,671
817,729,493
818,542,573
819,642,647
820,146,186
821,648,668
822,755,517
823,614,675
824,521,545
825,352,359
826,79,100
827,305,361
828,414,431
829,67,76
830,720,86
831,306,312
832,649,667
833,624,651
834,602,696
835,704,336
836,788,785
837,804,130
838,216,248
839,112,151
840,347,376
841,422,432
842,768,395
843,447,449
844,240,290
845,230,275
846,353,393
847,813,734
848,789,722
849,350,374
850,20,57
851,622,634
852,754,409
853,58,90
854,538,576
855,686,700
856,1,14
857,27,65
858,181,192
859,150,189
860,713,190
861,767,764
862,357,399
863,710,139
864,345,382
865,758,200
866,470,494
867,260,262
868,472,481
869,772,663
870,2,99
871,636,699
872,575,594
873,567,592
874,814,728
875,316,377
876,864,379
877,106,144
878,761,736
879,777,69
880,743,741
881,718,259
882,707,568
883,773,582
884,811,378
885,727,475
886,674,697
887,242,274
888,217,280
889,102,107
890,880,439
891,203,222
892,366,385
893,445,484
894,457,500
895,677,678
896,781,709
897,792,214
898,507,533
899,219,287
900,680,681
901,628,659
902,25,87
903,9,89
904,842,333
905,891,739
906,770,15
907,613,645
908,805,748
909,605,694
910,775,252
911,653,672
912,751,394
913,705,258
914,334,356
915,559,583
916,10,50
917,851,656
918,780,512
919,723,702
920,861,802
921,894,496
922,443,460
923,740,304
924,796,8
925,701,323
926,847,822
927,868,478
928,882,800
929,566,574
930,52,54
931,116,140
932,885,817
933,641,691
934,745,462
935,803,207
936,845,778
937,848,717
938,795,612
939,46,62
940,896,807
941,779,606
942,829,726
943,771,446
944,162,163
945,874,860
946,786,476
947,752,572
948,865,167
949,837,109
950,909,657
951,799,220
952,886,609
953,205,255
954,638,690
955,617,640
956,537,571
957,324,367
958,769,121
959,832,750
960,879,70
961,119,155
962,853,830
963,524,544
964,908,835
965,128,143
966,878,846
967,897,756
968,939,806
969,308,335
970,458,469
971,113,118
972,206,225
973,776,591
974,354,368
975,283,298
976,407,455
977,812,791
978,857,44
979,839,170
980,413,461
981,719,400
982,135,158
983,870,38
984,905,867
985,21,37
986,132,194
987,888,887
988,187,199
989,237,300
990,332,384
991,871,833
992,869,627
993,270,272
994,724,247
995,4,97
996,794,101
997,277,293
998,320,375
999,841,451
1000,530,543
1001,763,168
1002,979,134
1003,227,232
1004,926,783
1005,421,486
1006,402,466
1007,927,715
1008,766,577
1009,978,98
1010,962,714
1011,973,818
1012,947,854
1013,844,296
1014,872,561
1015,816,669
1016,746,604
1017,935,268
1018,24,95
1019,824,546
1020,760,420
1021,934,732
1022,820,809
1023,982,877
1024,949,137
1025,1004,937
1026,876,782
1027,873,553
1028,105,198
1029,936,299
1030,406,434
1031,753,689
1032,513,523
1033,852,473
1034,945,863
1035,828,499
1036,883,527
1037,505,534
1038,925,884
1039,983,91
1040,916,72
1041,944,184
1042,912,840
1043,987,215
1044,967,267
1045,948,174
1046,977,943
1047,928,597
1048,330,392
1049,843,429
1050,966,827
1051,919,790
1052,148,180
1053,1001,836
1054,933,738
1055,906,71
1056,956,550
1057,285,295
1058,793,427
1059,263,276
1060,238,266
1061,914,338
1062,929,733
1063,924,51
1064,787,42
1065,941,639
1066,670,679
1067,890,433
1068,940,765
1069,904,759
1070,992,658
1071,123,193
1072,325,397
1073,838,210
1074,960,856
1075,907,900
1076,964,815
1077,762,584
1078,234,269
1079,426,441
1080,899,235
1081,60,74
1082,1029,257
1083,244,271
1084,1015,698
1085,165,195
1086,1025,1019
1087,801,288
1088,1084,959
1089,1046,932
1090,942,6
1091,1070,601
1092,1021,784
1093,129,188
1094,108,177
1095,1027,1008
1096,875,329
1097,961,810
1098,834,692
1099,1043,913
1100,798,53
1101,970,477
1102,902,43
1103,893,436
1104,1017,226
1105,774,703
1106,1024,110
1107,855,797
1108,1041,183
1109,1007,444
1110,1068,968
1111,1076,1026
1112,998,981
1113,866,408
1114,991,901
1115,1036,898
1116,1044,289
1117,1067,1049
1118,337,343
1119,946,468
1120,1086,744
1121,923,321
1122,993,757
1123,1061,849
1124,1054,821
1125,319,362
1126,950,920
1127,996,142
1128,826,808
1129,1002,156
1130,318,346
1131,1013,994
1132,548,564
1133,922,415
1134,957,348
1135,161,197
1136,204,241
1137,1116,951
1138,1082,1073
1139,1040,82
1140,1010,985
1141,503,526
1142,1110,19
1143,124,127
1144,1034,986
1145,435,454
1146,831,389
1147,1126,938
1148,1091,819
1149,911,662
1150,1088,917
1151,988,125
1152,218,273
1153,1120,1062
1154,1124,608
1155,1117,1089
1156,1065,650
1157,1069,1050
1158,915,539
1159,1042,969
1160,1144,1022
1161,974,825
1162,953,208
1163,965,145
1164,1077,963
1165,159,172
1166,859,858
1167,1109,1020
1168,1033,1030
1169,1090,1009
1170,975,881
1171,1080,984
1172,1142,1055
1173,1094,1023
1174,209,245
1175,1003,910
1176,1035,1005
1177,1056,1032
1178,154,169
1179,661,693
1180,1053,971
1181,1028,136
1182,1115,1047
1183,1134,1038
1184,1011,525
1185,1074,930
1186,1063,83
1187,1168,921
1188,1012,918
1189,1140,1100
1190,1182,1153
1191,972,231
1192,201,281
1193,556,587
1194,1114,954
1195,1092,999
1196,1121,1111
1197,1137,1104
1198,1169,32
1199,1048,317
1200,903,78
1201,1102,93
1202,1105,823
1203,1159,990
1204,1127,958
1205,75,80
1206,508,540
1207,1160,931
1208,1155,1119
1209,1122,236
1210,1106,889
1211,1176,1167
1212,1129,1045
1213,1154,1149
1214,302,369
1215,895,620
1216,1172,850
1217,1208,1051
1218,892,331
1219,1148,1147
1220,1216,1064
1221,1215,1016
1222,1190,1164
1223,1113,418
1224,1165,114
1225,1219,1150
1226,1132,504
1227,1222,1095
1228,339,371
1229,1157,1146
1230,1072,363
1231,1138,264
1232,1207,1180
1233,1145,412
1234,1128,1039
1235,1189,1185
1236,1179,1066
1237,1186,64
1238,1217,1211
1239,1197,1171
1240,1199,303
1241,1156,1098
1242,585,586
1243,1196,1161
1244,1175,1131
1245,1075,635
1246,1225,1213
1247,1099,279
1248,1166,1093
1249,7,39
1250,1059,1057
1251,1101,452
1252,1181,1151
1253,1229,1123
1254,1191,1170
1255,1000,590
1256,1227,1188
1257,611,646
1258,1240,1112
1259,862,380
1260,1244,1060
1261,1235,1198
1262,1108,1097
1263,1238,1195
1264,1232,1143
1265,1212,1052
1266,1247,1231
1267,1237,1200
1268,1253,1243
1269,1210,196
1270,1228,390
1271,1246,1107
1272,1223,1187
1273,1206,510
1274,1256,1014
1275,1214,1125
1276,1031,625
1277,1220,1139
1278,1183,1130
1279,1236,1194
1280,1269,1264
1281,1205,995
1282,1274,1184
1283,1268,1203
1284,1239,1078
1285,1281,92
1286,1261,1234
1287,997,989
1288,501,598
1289,1006,430
1290,1178,1173
1291,1265,1085
1292,1286,1277
1293,1252,1204
1294,1272,1263
1295,1283,1278
1296,1255,1193
1297,1284,1087
1298,1271,1202
1299,1295,1096
1300,1221,952
1301,1209,239
1302,1291,1280
1303,1118,322
1304,1290,1248
1305,1297,1266
1306,1298,1276
1307,1282,1158
1308,1294,1058
1309,1292,1201
1310,1133,976
1311,1306,1279
1312,1250,282
1313,1258,301
1314,1308,497
1315,1307,1177
1316,1305,1260
1317,1241,955
1318,1267,45
1319,1302,1262
1320,1316,1162
1321,1163,1071
1322,1313,1299
1323,1318,1309
1324,1314,1310
1325,1141,589
1326,626,660
1327,1315,1273
1328,1275,1259
1329,1311,1245
1330,1319,1304
1331,1287,1254
1332,1321,131
1333,1322,1230
1334,1289,1079
1335,1329,1317
1336,1327,1226
1337,1330,1293
1338,1037,551
1339,1331,1320
1340,1324,1103
1341,1174,1152
1342,1340,980
1343,1233,474
1344,1339,1301
1345,1081,73
1346,1342,1251
1347,1336,1325
1348,1288,1242
1349,1333,1328
1350,1335,1300
1351,1337,1224
1352,1344,1312
1353,1270,327
1354,1323,1018
1355,1347,1338
1356,1351,1332
1357,1296,560
1358,1346,1343
1359,1349,1218
1360,1354,1285
1361,1353,1303
1362,1350,610
1363,1362,1257
1364,1356,1135
1365,1357,1355
1366,1249,96
1367,1361,1359
1368,1352,1136
1369,1365,1348
1370,1358,1334
1371,1368,1341
1372,1367,370
1373,1369,535
1374,1192,1083
1375,1360,1345
1376,1370,471
1377,1371,246
1378,1375,1366
1379,1363,1326
1380,1378,49
1381,1376,419
1382,1380,3
1383,1373,563
1384,1382,68
1385,1377,1374
1386,1385,251
1387,1384,85
1388,1379,607
1389,1383,595
1390,1387,77
1391,1364,104
1392,1372,396
1393,1390,55
1394,1386,1381
1395,1392,1391
1396,1394,1389
1397,1395,1388
