301,246,275
302,121,191
303,210,283
304,278,298
305,136,186
306,23,48
307,251,284
308,262,266
309,122,190
310,303,293
311,107,195
312,3,31
313,128,147
314,127,199
315,265,292
316,104,144
317,24,84
318,223,294
319,59,94
320,157,175
321,5,45
322,302,158
323,160,189
324,172,174
325,152,170
326,2,82
327,252,256
328,26,91
329,47,55
330,113,167
331,156,188
332,240,253
333,120,153
334,314,164
335,207,299
336,9,14
337,117,154
338,163,171
339,58,62
340,220,250
341,16,34
342,258,296
343,11,64
344,105,114
345,216,239
346,213,230
347,268,295
348,241,270
349,322,311
350,111,135
351,340,277
352,54,93
353,35,79
354,328,60
355,112,131
356,20,98
357,318,204
358,235,276
359,324,106
360,325,119
361,317,51
362,304,301
363,181,196
364,335,201
365,15,71
366,310,238
367,125,161
368,39,63
369,8,43
370,206,242
371,306,99
372,244,286
373,50,95
374,49,78
375,248,289
376,56,83
377,108,180
378,321,40
379,341,46
380,332,307
381,333,197
382,217,218
383,329,22
384,330,139
385,366,315
386,212,221
387,362,205
388,308,300
389,357,290
390,316,313
391,264,273
392,4,72
393,350,305
394,272,297
395,67,86
396,352,85
397,384,331
398,236,263
399,338,309
400,376,7
401,343,38
402,257,260
403,359,166
404,13,80
405,355,334
406,361,12
407,339,75
408,271,282
409,326,319
410,21,36
411,381,176
412,385,345
413,215,285
414,68,81
415,378,27
416,373,74
417,348,342
418,101,143
419,354,90
420,393,103
421,137,145
422,227,243
423,168,194
424,346,214
425,401,42
426,368,18
427,396,392
428,353,77
429,132,140
430,377,178
431,129,148
432,387,380
433,203,261
434,349,344
435,379,44
436,356,6
437,165,185
438,312,52
439,229,247
440,30,100
441,369,66
442,416,89
443,405,397
444,389,224
445,109,146
446,399,159
447,116,162
448,415,371
449,388,386
450,372,222
451,394,267
452,422,219
453,364,208
454,374,1
455,57,73
456,411,360
457,439,391
458,390,115
459,449,226
460,432,412
461,17,25
462,124,141
463,404,336
464,351,327
465,435,365
466,61,69
467,358,245
468,337,126
469,418,367
470,102,110
471,19,96
472,459,413
473,375,231
474,454,436
475,455,87
476,395,37
477,446,198
478,434,403
479,465,419
480,151,177
481,414,400
482,437,423
483,451,424
484,444,347
485,460,453
486,398,382
487,428,70
488,363,182
489,211,281
490,458,130
491,447,443
492,426,383
493,448,409
494,464,433
495,406,28
496,118,155
497,462,445
498,417,269
499,420,323
500,491,456
501,478,187
502,461,33
503,480,149
504,429,184
505,486,254
506,492,427
507,474,407
508,499,320
509,169,192
510,410,88
511,482,477
512,402,249
513,495,481
514,225,274
515,408,279
516,10,97
517,503,490
518,498,280
519,485,452
520,457,233
521,479,441
522,511,488
523,501,500
524,502,475
525,133,193
526,234,237
527,430,179
528,506,425
529,142,173
530,288,291
531,470,431
532,483,467
533,473,370
534,476,76
535,513,510
536,487,442
537,519,494
538,507,65
539,517,468
540,536,493
541,522,469
542,421,123
543,471,29
544,509,508
545,512,255
546,537,484
547,466,32
548,524,521
549,202,228
550,529,525
551,523,134
552,516,92
553,535,534
554,533,209
555,540,528
556,518,287
557,541,504
558,551,496
559,546,472
560,440,41
561,548,463
562,558,557
563,520,489
564,549,232
565,450,259
566,561,538
567,556,532
568,545,514
569,497,183
570,559,554
571,544,150
572,555,543
573,569,539
574,547,438
575,570,505
576,572,553
577,563,526
578,576,566
579,542,531
580,568,567
581,571,562
582,580,575
583,582,577
584,581,573
585,565,515
586,550,527
587,578,560
588,586,579
589,585,583
590,587,574
591,588,584
592,589,530
593,592,564
594,590,552
595,591,200
596,594,53
597,595,138
