501,349,388
502,285,288
503,112,138
504,49,69
505,113,153
506,309,392
507,269,272
508,115,150
509,103,144
510,3,16
511,312,344
512,215,249
513,151,155
514,338,371
515,213,219
516,429,476
517,207,299
518,27,85
519,444,493
520,220,267
521,506,369
522,327,396
523,137,139
524,45,80
525,15,67
526,281,295
527,102,169
528,101,195
529,313,368
530,463,478
531,491,498
532,445,500
533,337,397
534,425,464
535,176,191
536,333,359
537,25,82
538,158,183
539,136,143
540,107,174
541,265,291
542,422,460
543,21,70
544,510,86
545,71,90
546,122,196
547,430,482
548,528,121
549,254,278
550,520,268
551,512,252
552,325,354
553,465,466
554,306,381
555,504,65
556,237,255
557,210,284
558,416,494
559,380,390
560,239,246
561,351,366
562,34,92
563,507,229
564,402,450
565,544,23
566,409,424
567,221,236
568,486,490
569,524,42
570,403,419
571,303,334
572,148,184
573,57,74
574,253,280
575,26,31
576,514,350
577,30,94
578,161,194
579,532,410
580,501,335
581,485,489
582,518,64
583,508,134
584,549,228
585,502,217
586,346,355
587,260,294
588,66,98
589,525,5
590,540,189
591,156,197
592,302,319
593,573,543
594,545,38
595,443,474
596,119,129
597,212,262
598,36,83
599,230,245
600,435,471
601,109,146
602,50,89
603,505,106
604,35,81
605,534,408
606,4,43
607,329,399
608,386,387
609,310,360
610,554,377
611,539,538
612,559,391
613,569,87
614,118,159
615,140,192
616,330,384
617,420,433
618,172,193
619,108,181
620,126,142
621,598,14
622,449,461
623,323,382
624,563,526
625,541,517
626,523,503
627,12,60
628,32,73
629,453,458
630,164,167
631,531,441
632,339,395
633,576,322
634,223,226
635,28,91
636,277,289
637,580,320
638,160,175
639,522,394
640,567,244
641,427,499
642,53,59
643,411,442
644,568,479
645,555,22
646,417,454
647,572,152
648,436,487
649,605,446
650,623,308
651,202,224
652,521,511
653,624,551
654,211,240
655,423,475
656,413,440
657,434,468
658,46,61
659,414,459
660,130,163
661,582,56
662,24,39
663,515,201
664,574,287
665,614,147
666,52,84
667,421,438
668,593,63
669,437,469
670,652,385
671,248,297
672,603,198
673,537,99
674,604,8
675,564,473
676,204,275
677,535,178
678,33,88
679,552,347
680,259,282
681,145,182
682,553,470
683,317,365
684,542,519
685,608,345
686,250,273
687,560,222
688,588,93
689,266,290
690,609,533
691,631,406
692,556,235
693,431,439
694,527,190
695,48,76
696,40,68
697,326,375
698,638,626
699,637,331
700,550,208
701,117,120
702,304,358
703,571,400
704,633,561
705,647,546
706,72,96
707,601,173
708,558,496
709,131,165
710,612,314
711,227,261
712,585,283
713,594,2
714,600,495
715,203,286
716,315,361
717,681,105
718,116,132
719,340,341
720,599,584
721,243,264
722,590,177
723,114,127
724,166,168
725,667,566
726,707,619
727,628,7
728,697,690
729,378,389
730,606,13
731,653,231
732,680,663
733,206,241
734,639,610
735,661,613
736,694,548
737,670,363
738,622,547
739,180,185
740,477,480
741,407,448
742,685,364
743,374,379
744,602,47
745,216,263
746,731,625
747,646,644
748,124,186
749,353,372
750,676,242
751,615,133
752,432,455
753,589,9
754,336,383
755,717,111
756,704,650
757,595,404
758,611,583
759,679,536
760,725,447
761,451,456
762,700,636
763,592,348
764,645,635
765,587,258
766,693,418
767,673,17
768,643,405
769,691,675
770,666,29
771,695,562
772,739,672
773,720,640
774,709,677
775,530,472
776,529,316
777,209,234
778,668,565
779,41,75
780,154,179
781,710,699
782,141,170
783,671,233
784,736,630
785,664,651
786,654,247
787,708,684
788,412,481
789,607,332
790,658,577
791,687,270
792,669,629
793,767,678
794,746,712
795,657,579
796,738,682
797,674,575
798,701,513
799,756,357
800,632,343
801,597,279
802,762,271
803,362,398
804,509,123
805,772,698
806,706,621
807,760,752
808,726,660
809,744,735
810,734,728
811,656,428
812,648,516
813,596,128
814,755,591
815,761,641
816,727,20
817,777,274
818,11,100
819,665,188
820,730,77
821,157,162
822,769,492
823,214,218
824,742,616
825,655,462
826,724,620
827,753,627
828,802,292
829,702,311
830,771,713
831,721,692
832,737,716
833,754,373
834,662,78
835,794,765
836,586,356
837,768,581
838,783,711
839,776,703
840,705,618
841,747,457
842,715,300
843,729,307
844,686,251
845,557,238
846,808,578
847,321,352
848,795,741
849,791,732
850,257,298
851,763,743
852,834,778
853,800,781
854,750,733
855,799,719
856,714,617
857,775,659
858,696,54
859,827,818
860,820,793
861,852,688
862,745,293
863,758,110
864,797,79
865,787,649
866,751,199
867,835,296
868,748,171
869,844,801
870,749,324
871,125,187
872,806,790
873,833,824
874,718,200
875,825,740
876,815,807
877,784,780
878,867,785
879,415,467
880,805,804
881,865,792
882,839,832
883,856,811
884,860,809
885,861,764
886,841,837
887,846,826
888,401,452
889,854,842
890,796,766
891,570,484
892,849,828
893,814,722
894,836,810
895,847,376
896,853,829
897,882,855
898,845,689
899,10,37
900,878,773
901,830,62
902,863,723
903,877,774
904,770,18
905,892,869
906,874,813
907,642,58
908,884,872
909,896,759
910,831,232
911,879,822
912,886,788
913,883,857
914,104,135
915,880,798
916,205,225
917,901,51
918,909,843
919,897,894
920,885,816
921,890,488
922,917,859
923,902,887
924,786,634
925,900,838
926,812,757
927,881,848
928,915,868
929,889,862
930,908,864
931,903,821
932,910,276
933,923,893
934,873,318
935,930,922
936,683,342
937,919,918
938,925,905
939,935,920
940,913,911
941,803,328
942,301,305
943,823,256
944,44,55
945,931,866
946,938,898
947,934,851
948,921,876
949,840,819
950,895,870
951,926,912
952,899,19
953,916,850
954,941,393
955,927,497
956,943,817
957,940,875
958,933,928
959,955,948
960,950,937
961,907,779
962,958,945
963,1,6
964,871,782
965,949,914
966,960,947
967,956,946
968,959,957
969,965,962
970,968,951
971,966,789
972,967,929
973,939,95
974,971,954
975,953,932
976,973,858
977,970,891
978,976,904
979,975,972
980,978,961
981,969,906
982,979,924
983,980,963
984,981,149
985,977,888
986,974,936
987,986,942
988,984,964
989,983,952
990,989,944
991,990,97
992,987,370
993,992,367
994,985,483
995,994,426
996,993,991
997,988,982
