301,128,144
302,154,182
303,191,195
304,132,174
305,6,8
306,120,168
307,79,90
308,207,284
309,26,91
310,59,93
311,265,299
312,305,20
313,111,127
314,201,268
315,303,152
316,278,293
317,205,275
318,240,252
319,49,62
320,121,153
321,56,64
322,264,276
323,301,183
324,224,294
325,46,84
326,213,228
327,35,40
328,230,267
329,165,196
330,221,251
331,312,81
332,137,171
333,235,242
334,39,99
335,155,158
336,28,43
337,115,117
338,204,283
339,119,166
340,19,76
341,134,162
342,325,36
343,317,212
344,139,167
345,314,295
346,320,313
347,11,89
348,304,163
349,239,298
350,250,256
351,233,247
352,331,13
353,210,263
354,316,308
355,216,255
356,321,83
357,105,146
358,169,186
359,172,189
360,29,63
361,208,271
362,72,85
363,14,54
364,330,289
365,176,197
366,352,44
367,350,246
368,106,177
369,10,17
370,315,103
371,310,42
372,329,190
373,7,95
374,16,67
375,217,222
376,225,297
377,238,262
378,338,324
379,122,180
380,343,281
381,214,258
382,60,87
383,112,170
384,236,244
385,369,25
386,5,73
387,311,249
388,332,147
389,342,307
390,257,260
391,333,209
392,203,206
393,328,326
394,345,282
395,150,187
396,231,254
397,178,193
398,241,280
399,218,253
400,362,4
401,223,237
402,302,135
403,339,185
404,349,318
405,22,47
406,348,131
407,360,82
408,344,181
409,68,78
410,226,285
411,129,148
412,31,52
413,323,109
414,266,273
415,374,366
416,353,219
417,370,156
418,371,86
419,376,354
420,403,113
421,347,74
422,385,33
423,368,335
424,379,372
425,248,300
426,322,274
427,66,71
428,188,194
429,377,229
430,21,34
431,387,375
432,30,100
433,394,355
434,126,149
435,420,341
436,430,9
437,413,124
438,136,140
439,359,346
440,101,157
441,24,94
442,380,286
443,363,356
444,383,184
445,407,96
446,373,51
447,381,296
448,309,15
449,392,261
450,418,23
451,269,287
452,32,61
453,390,272
454,138,198
455,415,65
456,243,270
457,397,108
458,441,3
459,417,114
460,102,110
461,55,98
462,445,400
463,442,364
464,432,389
465,439,435
466,386,327
467,433,378
468,455,443
469,306,143
470,412,405
471,58,69
472,416,391
473,423,104
474,351,234
475,437,337
476,408,365
477,2,48
478,462,340
479,357,130
480,419,220
481,1,75
482,449,396
483,431,384
484,424,179
485,466,450
486,459,395
487,401,398
488,334,50
489,388,123
490,92,97
491,480,472
492,426,414
493,116,173
494,425,404
495,465,402
496,463,399
497,491,361
498,469,118
499,125,161
500,485,421
501,336,319
502,468,57
503,486,476
504,141,151
505,444,406
506,500,464
507,471,452
508,447,393
509,483,467
510,448,427
511,470,446
512,38,53
513,505,503
514,497,453
515,411,133
516,410,367
517,484,457
518,259,279
519,142,145
520,37,41
521,494,482
522,475,473
523,478,70
524,422,80
525,492,474
526,488,12
527,514,509
528,515,460
529,513,428
530,521,496
531,489,454
532,511,502
533,508,245
534,507,409
535,495,358
536,461,18
537,479,192
538,532,501
539,530,527
540,487,456
541,524,436
542,533,451
543,523,506
544,535,529
545,522,199
546,526,458
547,382,45
548,531,517
549,543,538
550,429,292
551,545,544
552,438,175
553,499,498
554,539,525
555,160,164
556,554,516
557,504,434
558,553,548
559,547,541
560,549,77
561,520,477
562,540,227
563,510,27
564,560,546
565,558,551
566,562,542
567,528,107
568,556,550
569,564,559
570,568,566
571,537,200
572,552,440
573,569,534
574,555,519
575,536,481
576,567,565
577,571,557
578,573,563
579,518,277
580,578,561
581,570,291
582,577,576
583,580,575
584,581,211
585,582,572
586,585,574
587,584,202
588,586,493
589,587,579
590,583,490
591,589,232
592,588,159
593,590,512
594,591,288
595,594,215
596,595,290
597,593,88
