301,158,191
302,266,289
303,63,72
304,122,190
305,251,253
306,240,252
307,59,94
308,107,195
309,278,284
310,79,90
311,57,73
312,4,75
313,119,152
314,205,275
315,154,182
316,127,167
317,145,171
318,132,177
319,224,294
320,153,156
321,31,52
322,314,264
323,128,144
324,256,285
325,103,189
326,15,44
327,114,170
328,265,299
329,318,174
330,111,135
331,250,263
332,223,268
333,28,43
334,23,27
335,11,95
336,6,20
337,164,166
338,47,55
339,13,85
340,244,286
341,309,207
342,322,212
343,201,273
344,272,293
345,26,91
346,203,214
347,304,163
348,67,86
349,113,176
350,332,283
351,317,137
352,229,234
353,313,308
354,46,81
355,60,87
356,41,70
357,307,93
358,342,246
359,121,172
360,312,40
361,10,14
362,320,316
363,129,148
364,165,194
365,120,188
366,8,16
367,106,131
368,34,84
369,19,96
370,219,241
371,323,183
372,218,254
373,236,295
374,213,228
375,134,162
376,216,255
377,56,83
378,24,64
379,109,187
380,235,276
381,5,18
382,233,247
383,204,220
384,354,36
385,341,238
386,330,186
387,344,261
388,239,298
389,230,267
390,221,258
391,343,231
392,364,118
393,336,311
394,353,301
395,48,50
396,25,54
397,371,115
398,367,329
399,208,209
400,335,89
401,181,185
402,391,302
403,360,49
404,147,151
405,361,17
406,347,126
407,357,334
408,394,117
409,225,297
410,349,197
411,400,42
412,105,146
413,355,22
414,21,51
415,226,300
416,331,206
417,350,319
418,402,358
419,108,179
420,376,227
421,370,243
422,217,222
423,161,168
424,372,260
425,366,65
426,412,359
427,405,396
428,403,377
429,338,7
430,417,373
431,303,29
432,385,383
433,325,192
434,362,337
435,381,76
436,408,327
437,424,305
438,384,88
439,39,99
440,368,310
441,388,277
442,434,401
443,407,348
444,196,199
445,351,123
446,345,326
447,378,339
448,387,257
449,380,346
450,393,321
451,210,249
452,180,193
453,392,375
454,399,242
455,379,365
456,432,262
457,333,12
458,441,306
459,435,428
460,389,296
461,431,82
462,425,66
463,398,104
464,130,200
465,448,416
466,356,2
467,110,143
468,279,282
469,136,140
470,465,449
471,430,420
472,451,328
473,157,160
474,433,426
475,30,100
476,452,178
477,410,139
478,418,291
479,409,274
480,436,155
481,444,406
482,427,33
483,413,38
484,32,69
485,374,232
486,429,411
487,340,324
488,461,369
489,397,124
490,476,419
491,471,421
492,404,141
493,454,271
494,457,440
495,112,116
496,35,77
497,459,447
498,445,138
499,483,450
500,9,58
501,478,456
502,68,78
503,315,198
504,480,453
505,382,211
506,504,442
507,470,269
508,497,443
509,386,169
510,494,438
511,508,486
512,439,3
513,477,455
514,501,390
515,491,287
516,510,414
517,62,98
518,415,248
519,466,395
520,506,474
521,515,237
522,482,446
523,481,463
524,514,437
525,503,423
526,92,97
527,472,422
528,460,245
529,505,352
530,524,507
531,522,462
532,502,61
533,511,488
534,513,150
535,523,520
536,521,280
537,530,493
538,363,125
539,468,259
540,531,500
541,537,487
542,288,292
543,528,270
544,489,149
545,518,458
546,534,133
547,516,475
548,101,159
549,519,512
550,142,173
551,525,498
552,509,469
553,541,536
554,546,535
555,74,80
556,533,517
557,540,499
558,544,467
559,556,547
560,553,527
561,559,557
562,1,37
563,532,484
564,549,71
565,560,545
566,552,473
567,529,281
568,554,495
569,565,479
570,543,485
571,568,551
572,538,490
573,561,496
574,569,567
575,563,53
576,572,102
577,571,492
578,573,564
579,577,558
580,574,570
581,579,566
582,578,555
583,582,45
584,583,562
585,580,539
586,581,576
587,584,575
588,175,184
589,586,464
590,589,550
591,585,542
592,587,526
593,590,588
594,591,202
595,593,548
596,594,215
597,596,290
