501,355,377
502,281,295
503,321,352
504,7,73
505,142,168
506,228,278
507,237,255
508,320,349
509,29,52
510,146,150
511,451,456
512,16,86
513,5,14
514,137,151
515,303,368
516,306,393
517,28,91
518,136,145
519,147,164
520,267,291
521,331,335
522,422,493
523,472,499
524,315,369
525,126,169
526,462,486
527,309,388
528,364,387
529,514,139
530,112,174
531,113,153
532,381,397
533,409,447
534,520,507
535,85,89
536,201,289
537,502,229
538,333,346
539,207,288
540,440,458
541,109,119
542,429,436
543,223,279
544,23,74
545,224,280
546,406,453
547,30,46
548,203,286
549,308,371
550,519,118
551,418,438
552,42,70
553,2,11
554,88,98
555,67,71
556,413,473
557,518,178
558,101,121
559,22,69
560,17,99
561,127,200
562,239,277
563,248,297
564,528,345
565,111,197
566,322,350
567,9,32
568,527,312
569,506,287
570,243,264
571,206,246
572,270,294
573,230,254
574,340,400
575,457,481
576,551,455
577,505,105
578,343,399
579,538,354
580,414,500
581,216,221
582,175,198
583,27,82
584,253,269
585,152,193
586,510,190
587,537,233
588,532,390
589,311,316
590,524,313
591,215,268
592,545,217
593,202,272
594,64,80
595,525,102
596,282,298
597,450,491
598,515,334
599,561,128
600,56,61
601,503,396
602,529,117
603,344,385
604,530,138
605,410,475
606,339,366
607,326,361
608,555,60
609,310,337
610,536,231
611,535,517
612,437,469
613,557,156
614,428,467
615,466,492
616,240,247
617,176,179
618,522,468
619,25,43
620,225,252
621,587,266
622,540,465
623,53,59
624,563,258
625,552,8
626,534,265
627,605,463
628,107,158
629,544,504
630,615,546
631,435,471
632,575,454
633,220,290
634,560,76
635,433,495
636,565,189
637,511,434
638,157,162
639,596,245
640,129,161
641,163,181
642,363,398
643,125,160
644,408,444
645,47,95
646,533,430
647,172,184
648,10,37
649,439,461
650,432,445
651,482,485
652,594,4
653,149,185
654,476,487
655,227,261
656,553,100
657,508,359
658,583,90
659,580,401
660,612,464
661,599,183
662,18,84
663,446,494
664,574,373
665,610,208
666,543,262
667,602,155
668,115,143
669,646,637
670,523,460
671,424,459
672,588,323
673,3,31
674,212,234
675,591,569
676,416,496
677,601,327
678,302,319
679,629,20
680,621,539
681,635,423
682,214,296
683,595,577
684,636,122
685,586,195
686,120,148
687,573,273
688,608,51
689,304,358
690,260,299
691,607,568
692,625,512
693,516,317
694,589,325
695,380,394
696,559,65
697,114,182
698,614,498
699,251,257
700,627,443
701,374,384
702,658,83
703,626,292
704,209,236
705,604,550
706,571,222
707,643,541
708,682,285
709,140,192
710,419,470
711,579,378
712,531,186
713,619,35
714,650,526
715,634,547
716,617,167
717,219,259
718,567,21
719,572,249
720,36,62
721,667,582
722,666,213
723,590,566
724,672,501
725,600,1
726,611,554
727,55,96
728,606,341
729,693,642
730,659,478
731,618,442
732,631,490
733,564,301
734,647,199
735,649,630
736,680,665
737,558,103
738,632,417
739,598,329
740,597,556
741,154,166
742,581,244
743,210,284
744,307,375
745,521,382
746,620,241
747,78,87
748,633,211
749,657,356
750,701,351
751,449,477
752,675,238
753,34,48
754,425,427
755,13,66
756,609,314
757,392,395
758,204,242
759,106,171
760,662,509
761,724,603
762,750,694
763,690,592
764,661,180
765,686,177
766,745,578
767,688,656
768,739,664
769,679,15
770,721,613
771,729,362
772,714,670
773,452,479
774,651,405
775,660,542
776,716,683
777,123,124
778,705,685
779,653,131
780,562,274
781,752,736
782,513,33
783,45,81
784,669,644
785,702,19
786,778,737
787,110,134
788,624,593
789,648,26
790,695,336
791,706,548
792,421,484
793,108,194
794,740,698
795,722,639
796,715,713
797,24,38
798,769,767
799,72,94
800,711,347
801,761,677
802,623,92
803,684,628
804,703,584
805,678,330
806,788,655
807,726,79
808,801,691
809,727,725
810,707,640
811,687,300
812,784,735
813,795,674
814,782,692
815,235,283
816,676,622
817,379,391
818,700,654
819,68,75
820,733,723
821,663,415
822,775,731
823,792,576
824,218,226
825,116,132
826,786,776
827,762,728
828,771,338
829,332,376
830,748,271
831,781,742
832,668,641
833,785,57
834,159,196
835,803,741
836,812,671
837,800,744
838,794,732
839,758,719
840,807,54
841,638,165
842,141,191
843,798,652
844,820,768
845,764,712
846,831,804
847,12,50
848,773,412
849,570,293
850,790,348
851,710,480
852,681,402
853,770,709
854,813,699
855,833,40
856,843,840
857,806,708
858,357,372
859,857,846
860,746,704
861,799,796
862,431,488
863,808,749
864,763,743
865,832,759
866,837,756
867,814,63
868,772,730
869,342,365
870,751,738
871,760,696
872,853,826
873,232,275
874,850,386
875,852,420
876,863,828
877,841,779
878,856,720
879,822,818
880,839,717
881,867,809
882,734,585
883,483,489
884,866,370
885,838,823
886,876,844
887,718,6
888,860,263
889,878,861
890,872,835
891,836,816
892,859,791
893,890,697
894,889,855
895,879,868
896,851,426
897,891,821
898,324,353
899,793,133
900,810,765
901,886,874
902,887,871
903,817,305
904,830,811
905,766,549
906,893,845
907,847,673
908,892,864
909,645,44
910,854,250
911,884,328
912,819,41
913,885,870
914,757,689
915,901,827
916,906,900
917,849,815
918,802,77
919,908,616
920,913,897
921,881,755
922,825,787
923,920,895
924,915,905
925,919,910
926,834,173
927,894,753
928,927,921
929,922,865
930,925,780
931,916,877
932,924,911
933,797,783
934,928,902
935,903,805
936,904,880
937,923,774
938,882,135
939,936,930
940,747,93
941,858,360
942,896,875
943,934,907
944,918,789
945,937,754
946,862,448
947,939,888
948,931,929
949,932,914
950,945,474
951,848,411
952,943,933
953,948,777
954,953,938
955,952,909
956,947,917
957,950,942
958,949,829
959,958,383
960,940,39
961,959,935
962,873,205
963,955,912
964,961,941
965,954,842
966,926,130
967,957,403
968,965,899
969,963,944
970,967,951
971,969,97
972,964,367
973,968,188
974,898,389
975,972,318
976,973,144
977,975,869
978,970,946
979,962,956
980,976,966
981,971,960
982,979,824
983,982,256
984,977,974
985,980,104
986,981,49
987,978,407
988,987,404
989,988,883
990,983,276
991,986,58
992,985,187
993,989,497
994,993,441
995,992,170
996,995,990
997,991,984
