301,240,252
302,145,171
303,79,90
304,107,195
305,163,190
306,31,52
307,63,72
308,152,191
309,212,275
310,28,43
311,128,144
312,266,289
313,153,156
314,132,174
315,113,176
316,201,273
317,26,91
318,111,135
319,278,293
320,205,251
321,41,70
322,264,276
323,60,87
324,4,59
325,164,167
326,6,8
327,224,294
328,314,177
329,117,119
330,154,182
331,120,168
332,302,137
333,9,93
334,265,299
335,311,183
336,218,254
337,326,20
338,308,304
339,207,284
340,324,40
341,118,165
342,320,309
343,216,268
344,56,64
345,233,247
346,10,25
347,317,46
348,134,166
349,223,237
350,19,96
351,208,210
352,319,272
353,103,131
354,109,187
355,5,23
356,258,283
357,48,54
358,213,228
359,57,73
360,250,256
361,34,84
362,307,85
363,7,47
364,318,186
365,129,148
366,1,75
367,235,242
368,49,62
369,214,297
370,206,263
371,81,88
372,312,301
373,360,261
374,122,180
375,230,267
376,239,298
377,313,185
378,114,188
379,39,99
380,231,248
381,11,89
382,121,172
383,334,204
384,347,15
385,348,162
386,219,241
387,42,55
388,339,226
389,353,116
390,343,255
391,341,194
392,126,149
393,13,44
394,21,51
395,236,244
396,361,36
397,344,95
398,357,94
399,393,337
400,155,158
401,356,238
402,305,196
403,105,146
404,329,170
405,217,222
406,335,115
407,246,291
408,346,17
409,369,352
410,355,18
411,189,192
412,315,197
413,354,127
414,401,221
415,385,377
416,327,300
417,359,306
418,390,316
419,351,209
420,391,338
421,365,193
422,376,295
423,328,106
424,322,274
425,67,76
426,342,281
427,370,336
428,14,16
429,415,325
430,157,160
431,397,387
432,362,82
433,29,45
434,321,2
435,24,38
436,380,262
437,136,140
438,32,69
439,373,203
440,367,260
441,323,33
442,332,138
443,368,83
444,279,282
445,147,151
446,124,143
447,30,100
448,405,220
449,411,382
450,375,296
451,363,78
452,403,130
453,333,58
454,414,409
455,423,389
456,398,379
457,416,388
458,425,410
459,396,303
460,419,271
461,102,110
462,422,372
463,443,340
464,310,65
465,112,199
466,386,232
467,426,286
468,431,381
469,412,378
470,402,374
471,420,400
472,243,270
473,456,50
474,404,364
475,432,350
476,413,133
477,464,399
478,383,249
479,229,234
480,424,407
481,330,104
482,108,178
483,125,161
484,440,427
485,460,225
486,435,371
487,478,287
488,454,269
489,86,98
490,468,458
491,66,71
492,92,97
493,476,429
494,459,384
495,451,68
496,455,200
497,467,253
498,12,77
499,211,280
500,395,358
501,457,448
502,439,285
503,462,418
504,497,292
505,488,466
506,474,449
507,450,245
508,453,408
509,139,150
510,417,22
511,470,181
512,477,394
513,505,257
514,445,141
515,490,463
516,502,480
517,366,37
518,493,469
519,510,441
520,508,80
521,442,123
522,511,471
523,446,406
524,475,428
525,473,434
526,349,227
527,438,61
528,513,484
529,179,198
530,504,503
531,142,173
532,522,331
533,496,465
534,518,506
535,487,485
536,495,486
537,530,528
538,521,483
539,524,433
540,491,35
541,515,489
542,479,345
543,444,259
544,494,447
545,534,532
546,461,421
547,535,501
548,533,452
549,526,472
550,547,537
551,539,525
552,541,512
553,514,392
554,437,430
555,544,536
556,529,482
557,550,516
558,436,215
559,552,519
560,545,481
561,169,175
562,560,548
563,551,520
564,101,159
565,549,500
566,565,507
567,559,555
568,562,523
569,540,498
570,567,563
571,27,74
572,568,509
573,542,499
574,566,557
575,554,538
576,572,553
577,571,570
578,576,575
579,556,546
580,577,517
581,574,573
582,527,3
583,580,569
584,581,558
585,579,578
586,561,184
587,585,531
588,582,53
589,583,492
590,584,543
591,589,588
592,587,586
593,590,277
594,593,202
595,592,564
596,594,290
597,596,288
