301,59,93
302,265,299
303,167,174
304,205,275
305,111,127
306,6,20
307,207,284
308,152,195
309,49,62
310,230,267
311,128,183
312,264,276
313,119,166
314,26,91
315,201,240
316,257,293
317,239,298
318,36,84
319,121,153
320,5,99
321,268,295
322,250,256
323,190,196
324,11,89
325,306,8
326,165,194
327,301,42
328,303,134
329,310,213
330,54,64
331,315,242
332,238,262
333,318,46
334,176,185
335,35,40
336,29,63
337,304,251
338,150,170
339,106,177
340,308,191
341,319,189
342,51,95
343,155,158
344,13,33
345,210,263
346,19,96
347,231,254
348,135,186
349,105,146
350,221,289
351,234,258
352,204,294
353,311,109
354,325,81
355,31,52
356,226,285
357,60,87
358,327,86
359,233,247
360,333,90
361,44,65
362,313,117
363,103,131
364,307,278
365,321,219
366,218,253
367,122,180
368,222,249
369,225,297
370,302,281
371,337,286
372,341,305
373,244,260
374,7,47
375,144,149
376,137,138
377,312,241
378,338,181
379,132,163
380,354,67
381,374,78
382,332,229
383,266,273
384,161,168
385,56,83
386,326,188
387,367,193
388,2,25
389,283,300
390,348,169
391,57,73
392,154,182
393,206,236
394,340,156
395,334,113
396,147,171
397,383,224
398,110,143
399,365,331
400,66,71
401,347,248
402,369,364
403,371,350
404,227,237
405,358,94
406,342,28
407,212,252
408,255,282
409,58,69
410,377,316
411,21,34
412,139,197
413,203,272
414,339,200
415,32,61
416,353,115
417,336,85
418,77,82
419,27,76
420,373,277
421,23,79
422,372,328
423,394,378
424,368,217
425,208,209
426,330,324
427,269,287
428,389,317
429,108,178
430,355,22
431,395,362
432,387,323
433,403,399
434,385,4
435,417,346
436,120,157
437,343,114
438,129,133
439,411,9
440,366,214
441,393,352
442,392,104
443,1,16
444,409,68
445,410,274
446,309,75
447,329,228
448,432,179
449,344,17
450,3,24
451,360,100
452,425,345
453,322,246
454,320,39
455,420,259
456,416,375
457,451,30
458,423,363
459,397,216
460,14,15
461,349,130
462,431,422
463,398,145
464,55,98
465,384,118
466,402,382
467,426,405
468,243,270
469,454,388
470,379,126
471,441,401
472,335,74
473,460,314
474,447,370
475,413,235
476,404,280
477,396,376
478,452,445
479,412,386
480,436,187
481,38,53
482,467,381
483,380,361
484,10,92
485,220,291
486,462,458
487,142,173
488,433,428
489,448,429
490,472,434
491,424,408
492,483,391
493,50,72
494,438,116
495,37,41
496,477,123
497,444,415
498,430,406
499,492,449
500,359,351
501,488,471
502,486,390
503,107,124
504,356,261
505,478,466
506,162,172
507,473,400
508,442,184
509,498,482
510,461,192
511,440,202
512,101,102
513,271,279
514,501,407
515,439,80
516,223,296
517,490,418
518,505,475
519,513,491
520,485,453
521,509,499
522,469,457
523,489,463
524,508,470
525,446,43
526,443,421
527,503,437
528,464,357
529,517,435
530,529,493
531,502,479
532,518,514
533,494,112
534,136,140
535,532,474
536,484,97
537,524,496
538,522,521
539,160,199
540,419,70
541,531,480
542,523,456
543,476,211
544,538,12
545,159,198
546,288,292
547,542,527
548,141,151
549,541,537
550,544,530
551,519,455
552,535,520
553,465,125
554,552,551
555,427,245
556,506,487
557,549,547
558,500,459
559,550,515
560,554,511
561,559,526
562,560,558
563,525,495
564,561,507
565,543,468
566,556,414
567,564,497
568,557,553
569,563,450
570,540,45
571,567,528
572,571,569
573,568,510
574,565,562
575,573,566
576,574,555
577,504,215
578,512,175
579,575,539
580,579,533
581,572,570
582,580,548
583,577,576
584,582,534
585,546,290
586,584,164
587,581,481
588,587,536
589,583,516
590,586,545
591,588,18
592,589,585
593,591,48
594,578,148
595,594,590
596,592,232
597,593,88
