501,113,153
502,333,359
503,103,144
504,220,268
505,309,312
506,351,366
507,239,246
508,228,278
509,207,295
510,313,368
511,42,45
512,422,493
513,461,466
514,380,390
515,126,142
516,417,454
517,327,394
518,201,230
519,381,396
520,5,70
521,406,498
522,7,73
523,269,272
524,237,255
525,221,236
526,119,129
527,148,152
528,137,175
529,222,229
530,121,145
531,421,447
532,334,400
533,65,69
534,211,240
535,143,158
536,63,74
537,267,291
538,16,86
539,80,89
540,217,280
541,410,500
542,112,138
543,409,424
544,27,64
545,413,440
546,520,71
547,321,354
548,101,195
549,349,391
550,329,399
551,21,57
552,25,35
553,508,245
554,53,59
555,465,482
556,48,76
557,326,397
558,346,355
559,302,319
560,172,193
561,122,196
562,219,259
563,445,460
564,450,473
565,215,249
566,140,192
567,514,311
568,156,178
569,248,297
570,525,244
571,505,385
572,345,386
573,260,294
574,164,167
575,136,183
576,517,369
577,146,150
578,504,208
579,213,262
580,210,299
581,320,388
582,402,491
583,529,509
584,420,433
585,234,287
586,30,82
587,173,181
588,206,231
589,434,449
590,202,224
591,46,61
592,552,81
593,131,165
594,330,384
595,527,184
596,252,281
597,180,185
598,577,115
599,271,289
600,442,490
601,405,489
602,438,455
603,66,98
604,414,459
605,52,84
606,506,341
607,532,344
608,463,478
609,542,503
610,338,350
611,250,273
612,516,435
613,429,436
614,118,147
615,105,168
616,430,481
617,576,510
618,543,531
619,67,85
620,540,253
621,581,325
622,541,512
623,446,464
624,515,163
625,32,33
626,562,270
627,511,99
628,83,96
629,124,171
630,223,226
631,102,169
632,551,533
633,580,523
634,310,335
635,570,216
636,548,190
637,556,39
638,572,364
639,557,519
640,610,340
641,538,23
642,579,279
643,203,286
644,306,363
645,285,296
646,348,387
647,177,189
648,304,358
649,22,28
650,568,176
651,521,492
652,553,507
653,4,19
654,592,544
655,596,258
656,502,347
657,233,261
658,243,264
659,2,11
660,444,496
661,605,29
662,456,499
663,377,398
664,651,582
665,535,501
666,629,528
667,38,90
668,547,316
669,575,127
670,522,24
671,114,182
672,567,314
673,462,486
674,13,95
675,111,197
676,139,151
677,88,94
678,50,56
679,614,159
680,331,339
681,619,546
682,555,477
683,458,469
684,578,537
685,558,337
686,636,530
687,641,51
688,591,72
689,583,254
690,603,536
691,645,288
692,411,474
693,587,130
694,644,392
695,612,600
696,617,607
697,374,379
698,663,322
699,403,419
700,26,31
701,3,87
702,597,149
703,604,494
704,627,539
705,655,573
706,586,17
707,166,174
708,632,100
709,633,620
710,684,524
711,437,453
712,625,78
713,621,549
714,638,383
715,667,637
716,513,468
717,561,198
718,564,480
719,590,284
720,120,155
721,622,448
722,518,277
723,676,666
724,689,652
725,690,91
726,660,425
727,14,92
728,589,439
729,545,416
730,721,563
731,696,303
732,9,20
733,372,375
734,707,107
735,642,611
736,613,476
737,574,179
738,128,200
739,657,569
740,650,566
741,626,282
742,711,683
743,584,428
744,315,317
745,665,598
746,432,472
747,307,378
748,674,47
749,526,109
750,648,395
751,602,418
752,695,479
753,635,283
754,653,628
755,640,382
756,724,212
757,608,475
758,585,209
759,662,451
760,631,191
761,624,615
762,685,370
763,727,681
764,749,161
765,687,8
766,308,357
767,10,37
768,639,361
769,678,15
770,692,673
771,677,43
772,716,431
773,737,162
774,664,441
775,680,634
776,668,656
777,758,214
778,616,601
779,734,647
780,595,160
781,550,343
782,756,588
783,741,643
784,745,669
785,694,559
786,565,265
787,659,60
788,266,290
789,765,725
790,609,157
791,775,672
792,688,54
793,753,263
794,670,97
795,722,599
796,792,68
797,701,654
798,714,336
799,743,495
800,708,6
801,423,471
802,443,487
803,204,235
804,713,356
805,757,718
806,752,457
807,787,763
808,108,194
809,534,218
810,760,686
811,728,618
812,744,365
813,697,571
814,754,706
815,782,705
816,698,362
817,719,709
818,324,353
819,797,704
820,739,227
821,806,778
822,730,703
823,661,18
824,779,141
825,755,731
826,768,328
827,352,376
828,800,649
829,691,256
830,783,242
831,774,467
832,810,740
833,802,742
834,715,34
835,106,117
836,710,292
837,811,759
838,769,732
839,804,323
840,702,123
841,401,452
842,735,630
843,784,738
844,830,241
845,712,93
846,794,62
847,839,826
848,815,793
849,785,594
850,791,776
851,828,819
852,623,485
853,766,371
854,798,646
855,761,134
856,717,679
857,814,807
858,854,373
859,824,675
860,809,777
861,837,751
862,803,293
863,767,700
864,836,658
865,408,427
866,821,682
867,833,736
868,835,723
869,560,199
870,796,771
871,832,773
872,842,251
873,834,789
874,840,790
875,606,332
876,805,770
877,858,825
878,699,484
879,41,75
880,844,795
881,225,298
882,850,847
883,750,360
884,820,817
885,764,125
886,808,780
887,853,393
888,857,36
889,746,407
890,44,55
891,880,848
892,843,110
893,554,58
894,788,247
895,861,772
896,855,693
897,852,822
898,801,799
899,874,868
900,860,829
901,873,851
902,818,781
903,876,866
904,871,154
905,846,838
906,884,786
907,891,864
908,882,813
909,901,888
910,865,726
911,867,729
912,849,816
913,827,733
914,909,905
915,862,275
916,892,593
917,912,762
918,899,856
919,133,186
920,831,415
921,908,877
922,720,135
923,893,79
924,911,897
925,881,257
926,900,238
927,924,903
928,907,906
929,914,870
930,916,904
931,902,883
932,812,342
933,104,116
934,886,869
935,928,926
936,910,895
937,930,859
938,917,887
939,937,896
940,879,40
941,845,748
942,936,927
943,671,170
944,920,497
945,935,872
946,939,918
947,941,929
948,921,875
949,948,938
950,944,878
951,949,913
952,947,823
953,945,894
954,950,898
955,942,889
956,922,188
957,952,1
958,957,923
959,951,931
960,426,470
961,953,925
962,841,412
963,955,954
964,934,885
965,933,132
966,964,946
967,958,863
968,232,276
969,966,956
970,961,915
971,959,932
972,301,305
973,960,488
974,969,919
975,970,300
976,971,747
977,890,77
978,975,274
979,968,205
980,974,943
981,963,404
982,981,962
983,977,967
984,983,940
985,980,965
986,976,972
987,984,49
988,987,12
989,986,367
990,989,318
991,979,978
992,982,973
993,990,389
994,992,483
995,985,187
996,993,988
997,995,991
