701,603,641
702,249,264
703,233,388
704,246,370
705,680,681
706,297,310
707,292,374
708,140,165
709,215,315
710,506,594
711,508,526
712,175,195
713,213,386
714,416,420
715,703,355
716,410,443
717,109,188
718,413,421
719,243,390
720,617,656
721,106,177
722,222,325
723,522,527
724,636,684
725,219,268
726,532,562
727,262,289
728,352,353
729,230,298
730,112,178
731,481,486
732,266,308
733,241,358
734,122,181
735,665,682
736,229,299
737,214,398
738,305,389
739,521,592
740,419,463
741,207,284
742,16,65
743,447,484
744,439,490
745,651,673
746,537,588
747,431,496
748,710,600
749,160,176
750,113,172
751,275,361
752,391,397
753,133,158
754,225,294
755,612,635
756,103,108
757,204,318
758,52,53
759,164,199
760,528,544
761,13,70
762,316,382
763,248,342
764,417,469
765,223,240
766,129,163
767,313,347
768,720,630
769,726,580
770,674,690
771,349,393
772,227,270
773,705,667
774,456,459
775,10,60
776,719,333
777,269,351
778,511,557
779,616,632
780,691,694
781,254,261
782,29,47
783,644,670
784,231,259
785,111,126
786,6,83
787,257,301
788,143,179
789,212,368
790,778,746
791,477,491
792,228,394
793,56,86
794,30,41
795,244,256
796,173,185
797,742,15
798,423,479
799,401,446
800,272,321
801,9,58
802,14,90
803,31,79
804,618,666
805,242,392
806,615,672
807,105,200
808,36,73
809,348,381
810,611,650
811,713,359
812,5,22
813,473,495
814,610,634
815,258,354
816,573,574
817,546,561
818,604,628
819,515,569
820,408,409
821,579,591
822,706,253
823,149,171
824,182,192
825,450,493
826,741,307
827,277,344
828,18,44
829,23,57
830,648,663
831,424,498
832,767,707
833,792,343
834,217,312
835,749,152
836,702,265
837,722,356
838,809,725
839,62,74
840,638,676
841,282,328
842,797,46
843,613,664
844,733,400
845,743,429
846,758,3
847,320,376
848,737,387
849,552,568
850,714,436
851,763,216
852,63,98
853,485,492
854,622,700
855,146,168
856,208,329
857,280,288
858,721,712
859,748,554
860,764,442
861,731,464
862,820,405
863,226,385
864,769,502
865,202,346
866,752,715
867,804,619
868,790,518
869,553,559
870,319,380
871,251,367
872,538,589
873,736,326
874,734,191
875,516,570
876,850,489
877,403,476
878,738,395
879,549,599
880,837,787
881,830,631
882,151,153
883,659,671
884,735,639
885,91,99
886,285,373
887,412,444
888,407,415
889,808,761
890,529,577
891,759,170
892,201,279
893,418,478
894,12,17
895,37,42
896,849,578
897,732,303
898,779,701
899,709,293
900,48,66
901,605,668
902,239,263
903,276,295
904,783,679
905,134,137
906,781,771
907,224,274
908,438,471
909,271,336
910,563,572
911,768,683
912,828,801
913,877,475
914,311,372
915,237,350
916,250,335
917,449,454
918,88,95
919,465,499
920,729,267
921,422,474
922,114,144
923,789,340
924,834,296
925,782,8
926,623,654
927,785,183
928,816,566
929,625,647
930,791,483
931,821,555
932,766,708
933,851,848
934,811,287
935,861,853
936,739,503
937,854,657
938,20,72
939,750,128
940,517,571
941,434,470
942,756,148
943,49,81
944,414,487
945,864,859
946,432,435
947,891,186
948,772,754
949,524,565
950,883,653
951,884,810
952,27,61
953,873,762
954,567,576
955,889,829
956,819,533
957,32,84
958,939,717
959,744,467
960,868,585
961,795,366
962,723,507
963,411,458
964,40,67
965,822,211
966,50,94
967,309,337
968,882,835
969,843,624
970,124,141
971,545,581
972,727,339
973,740,468
974,962,582
975,54,59
976,798,462
977,209,314
978,437,453
979,760,531
980,116,162
981,945,879
982,7,80
983,898,688
984,777,235
985,847,765
986,745,685
987,836,826
988,923,362
989,784,218
990,925,19
991,232,334
992,824,120
993,930,860
994,775,78
995,302,378
996,150,193
997,910,872
998,770,609
999,855,730
1000,815,338
1001,514,540
1002,115,159
1003,818,780
1004,807,788
1005,876,472
1006,33,89
1007,951,633
1008,509,593
1009,757,283
1010,800,278
1011,203,260
1012,916,375
1013,965,933
1014,874,753
1015,118,138
1016,906,383
1017,904,806
1018,942,161
1019,534,595
1020,363,364
1021,842,26
1022,482,488
1023,941,747
1024,900,34
1025,838,728
1026,652,689
1027,505,558
1028,813,427
1029,907,255
1030,881,637
1031,155,184
1032,888,457
1033,121,198
1034,833,832
1035,645,695
1036,858,135
1037,43,87
1038,866,220
1039,952,786
1040,931,542
1041,426,430
1042,863,384
1043,117,166
1044,932,823
1045,655,677
1046,950,643
1047,911,901
1048,774,718
1049,978,935
1050,35,69
1051,1020,857
1052,985,205
1053,869,520
1054,716,452
1055,918,11
1056,406,494
1057,1038,844
1058,870,341
1059,247,323
1060,954,584
1061,909,902
1062,976,404
1063,1025,988
1064,955,794
1065,145,196
1066,1064,852
1067,993,959
1068,967,934
1069,924,304
1070,971,875
1071,101,169
1072,1034,984
1073,1016,886
1074,957,21
1075,802,1
1076,1010,948
1077,1014,999
1078,1028,862
1079,119,130
1080,890,525
1081,940,535
1082,1030,814
1083,1009,920
1084,983,937
1085,1035,699
1086,919,440
1087,885,38
1088,1057,953
1089,1017,969
1090,548,551
1091,845,831
1092,1021,912
1093,776,371
1094,123,131
1095,1072,972
1096,927,174
1097,252,273
1098,523,598
1099,1055,793
1100,1047,724
1101,1082,601
1102,1018,147
1103,913,825
1104,1007,602
1105,1013,987
1106,841,324
1107,1026,929
1108,991,878
1109,992,189
1110,960,936
1111,290,399
1112,428,448
1113,974,547
1114,1073,892
1115,989,827
1116,245,379
1117,986,686
1118,102,107
1119,871,751
1120,1071,180
1121,1024,82
1122,846,97
1123,981,504
1124,990,71
1125,995,903
1126,998,697
1127,1081,575
1128,938,76
1129,586,596
1130,1012,897
1131,1096,947
1132,1063,899
1133,1053,583
1134,961,330
1135,1039,51
1136,922,905
1137,704,300
1138,949,817
1139,773,649
1140,1116,1051
1141,1036,1004
1142,914,236
1143,1037,25
1144,607,669
1145,1100,926
1146,1067,887
1147,1049,944
1148,1125,1068
1149,964,64
1150,1123,1040
1151,1084,608
1152,1015,190
1153,1113,1019
1154,1059,360
1155,1052,1029
1156,1122,943
1157,1003,678
1158,1006,812
1159,501,519
1160,1074,803
1161,621,687
1162,1080,928
1163,1008,956
1164,1105,1088
1165,1069,306
1166,946,921
1167,1124,28
1168,1022,917
1169,550,560
1170,1031,980
1171,1077,958
1172,880,805
1173,896,510
1174,1033,136
1175,1150,1110
1176,1061,332
1177,1076,291
1178,1119,1058
1179,606,646
1180,620,640
1181,1092,1066
1182,1118,970
1183,1129,1127
1184,1147,973
1185,1151,1139
1186,1086,451
1187,1085,755
1188,1048,425
1189,968,132
1190,894,75
1191,1156,1050
1192,1101,642
1193,238,317
1194,1121,895
1195,1137,1093
1196,1166,455
1197,1133,979
1198,1192,675
1199,1177,1154
1200,1168,1091
1201,867,614
1202,1089,661
1203,1060,541
1204,1174,1043
1205,1185,1045
1206,402,466
1207,1079,796
1208,1044,139
1209,1112,1078
1210,1056,1023
1211,1108,977
1212,1097,377
1213,1188,963
1214,1171,1131
1215,1134,1042
1216,1144,840
1217,1176,357
1218,1115,286
1219,1202,692
1220,1180,1104
1221,1120,1065
1222,1032,460
1223,1196,1005
1224,994,839
1225,127,167
1226,234,369
1227,1106,281
1228,4,68
1229,1172,1164
1230,1199,1142
1231,1200,799
1232,1189,1109
1233,1141,1102
1234,1181,1135
1235,125,154
1236,1194,975
1237,1054,445
1238,1163,1153
1239,1183,536
1240,1178,865
1241,629,693
1242,1149,966
1243,1165,1132
1244,1173,997
1245,1062,461
1246,1240,1083
1247,1220,1145
1248,1146,497
1249,1095,915
1250,1207,187
1251,1205,1157
1252,1232,1002
1253,1248,893
1254,1175,1162
1255,1158,77
1256,1130,221
1257,1201,1117
1258,1211,1114
1259,1210,1209
1260,1242,1128
1261,1152,157
1262,1254,1238
1263,1206,441
1264,1234,1160
1265,1229,1140
1266,322,365
1267,1087,2
1268,480,500
1269,1203,1001
1270,1186,1184
1271,1249,1011
1272,982,92
1273,1138,1098
1274,1233,1221
1275,1257,1198
1276,39,93
1277,1273,1027
1278,1161,1107
1279,1167,1099
1280,1265,210
1281,1227,1215
1282,1256,1155
1283,1251,1046
1284,1214,1208
1285,1246,1148
1286,1182,110
1287,1262,1070
1288,1264,1191
1289,1277,513
1290,1247,696
1291,1279,1075
1292,1271,1243
1293,1250,194
1294,1179,627
1295,1281,331
1296,1216,660
1297,1236,1224
1298,1195,206
1299,1245,1223
1300,1284,1170
1301,1291,1288
1302,530,597
1303,1282,1212
1304,626,698
1305,1298,1218
1306,1269,711
1307,1103,908
1308,1217,327
1309,1280,1258
1310,1278,1187
1311,1090,564
1312,1287,1244
1313,1094,156
1314,1300,1252
1315,1294,1290
1316,1283,1219
1317,1270,1041
1318,1295,1230
1319,1253,1213
1320,512,556
1321,1190,1143
1322,1314,1274
1323,1286,1136
1324,1313,996
1325,1169,539
1326,1309,1292
1327,1289,1159
1328,1319,1259
1329,1228,96
1330,1237,1222
1331,1318,1285
1332,1297,1255
1333,543,590
1334,1310,662
1335,1316,1315
1336,1307,1231
1337,1312,1239
1338,1303,1193
1339,1337,1197
1340,1336,1268
1341,1296,1275
1342,1332,1301
1343,1317,1299
1344,1339,1306
1345,1323,1322
1346,1340,1328
1347,1342,1260
1348,1345,1225
1349,1326,1000
1350,1347,1321
1351,1335,1334
1352,1349,1305
1353,1344,1327
1354,1329,85
1355,1338,1331
1356,1348,1293
1357,1346,1343
1358,1355,1352
1359,1351,1341
1360,1267,100
1361,1261,1204
1362,1358,1308
1363,1361,1356
1364,1302,587
1365,1362,345
1366,1360,1350
1367,1364,1320
1368,1357,1330
1369,1359,1126
1370,1263,433
1371,1304,1241
1372,1272,24
1373,1366,1276
1374,1266,1111
1375,1363,1324
1376,1370,1368
1377,104,197
1378,1369,658
1379,1353,1311
1380,1378,1371
1381,1375,1235
1382,1373,1354
1383,1374,1365
1384,1381,142
1385,1382,1372
1386,1367,1333
1387,1383,856
1388,1379,1325
1389,1388,1386
1390,1385,45
1391,1387,396
1392,1391,1226
1393,1384,1377
1394,1390,55
1395,1389,1376
1396,1393,1392
1397,1395,1394
