0.7828436,0.26931313,0.24195085,0.7133268,0.1683023,0.23035634,0.6806527,0.28977263,0.8316369,0.1784806,0.8367164,0.2006281,0.28360406,0.75904375,0.18046814,0.6906928,0.22782655,0.7490326,0.7593563,0.17390947
0.7565971,0.2841031,0.1830213,0.7398359,0.27560985,0.20506161,0.5973235,0.24181917,0.76936185,0.21124302,0.73267597,0.30038518,0.28887486,0.74521494,0.19717827,0.8368004,0.25102487,0.81113905,0.7767272,0.28043288
0.82681555,0.2684773,0.30927438,0.7647168,0.21972038,0.16497055,0.66578895,0.30129495,0.67509794,0.25414345,0.67556465,0.21188453,0.18246669,0.7676453,0.34286746,0.7725156,0.19931859,0.7739231,0.70159864,0.22394954
0.72591025,0.26185608,0.25906038,0.7715321,0.25009105,0.25183517,0.737687,0.303714,0.7697402,0.1879328,0.7857843,0.29773283,0.16761172,0.7988944,0.24903952,0.7475639,0.36447123,0.82337606,0.7659519,0.3092291
0.78324336,0.28071788,0.2686075,0.7996144,0.2651588,0.28008646,0.70258534,0.30622548,0.74953026,0.2493003,0.77538514,0.25708246,0.26421872,0.6955814,0.26818165,0.8357891,0.28182337,0.7656982,0.71002597,0.18417375
0.7952051,0.22326614,0.24156177,0.7553008,0.2261908,0.22337838,0.776495,0.26409316,0.7013703,0.28165546,0.7777024,0.17407751,0.2497155,0.7195881,0.25653785,0.73597515,0.29476392,0.6983201,0.7480072,0.25728786
0.71410793,0.22249942,0.3050796,0.81258667,0.257739,0.30904752,0.70007205,0.18054843,0.7809479,0.26108778,0.779533,0.21681166,0.27452698,0.79227513,0.29399884,0.76253194,0.1872305,0.6797873,0.72411543,0.18144125
0.73338544,0.18959808,0.27949655,0.6936021,0.1890626,0.23785897,0.8072932,0.255248,0.70327497,0.2334877,0.775271,0.20085754,0.26609433,0.7174524,0.24408984,0.771596,0.27957737,0.70653087,0.66975075,0.37877288
0.7057553,0.27947068,0.20285936,0.68236107,0.21845795,0.26711974,0.786885,0.17215273,0.727801,0.20234272,0.6943661,0.2599633,0.22653265,0.62785715,0.23113604,0.6994201,0.19989574,0.767302,0.6443328,0.30567887
0.7357522,0.33958948,0.19612989,0.7285728,0.18113261,0.15824866,0.77797043,0.19727889,0.7425999,0.23762056,0.7505623,0.24395384,0.15765144,0.6881149,0.19667514,0.6844822,0.25929824,0.8961176,0.76698744,0.26569495
0.6687301,0.288827,0.32541454,0.735782,0.27913612,0.228794,0.7662768,0.29164037,0.83064586,0.26441008,0.7220514,0.302933,0.27904952,0.7533514,0.25358233,0.75099915,0.23530482,0.69317687,0.77781796,0.20207812
0.7197035,0.20922457,0.3373346,0.73573834,0.30621698,0.28742054,0.71154827,0.34281528,0.73928815,0.27633297,0.67311615,0.29704154,0.17747179,0.7143388,0.20444125,0.7709213,0.31008887,0.68713605,0.7819319,0.22303963
0.6604877,0.24108584,0.219205,0.7072728,0.19598159,0.25126338,0.7878334,0.2569413,0.70167625,0.3093122,0.78026205,0.19845398,0.21933192,0.73686796,0.26141644,0.7962827,0.22353558,0.7401594,0.7666393,0.21294829
0.67873645,0.28917843,0.22109398,0.6574408,0.21311547,0.16331017,0.77918553,0.2388324,0.73536783,0.23567556,0.78052837,0.26861778,0.31237358,0.76919514,0.29043862,0.70600283,0.27636948,0.8219585,0.8140321,0.25528255
0.75844365,0.26877612,0.21975262,0.67436755,0.28754735,0.22113334,0.7114537,0.22457081,0.72561467,0.2812218,0.68638706,0.29510486,0.37889698,0.7710175,0.2923782,0.846501,0.22322817,0.8495419,0.8150122,0.2870648
0.73945844,0.21104991,0.21640722,0.68856525,0.27249292,0.2174576,0.7648387,0.256533,0.6981802,0.20984118,0.8104839,0.1808171,0.33644643,0.7057596,0.21244565,0.71955013,0.22976121,0.7147415,0.704366,0.14505397
0.772313,0.24929051,0.22914743,0.6403031,0.18072224,0.15055642,0.7719081,0.25791785,0.78579855,0.23140782,0.7600782,0.20216024,0.1946954,0.67433643,0.17949702,0.7634139,0.2630563,0.65492517,0.6892215,0.238019
0.72515494,0.32342035,0.273043,0.8124362,0.27229285,0.2820566,0.7840763,0.32531935,0.7060307,0.20642078,0.7500523,0.16201353,0.3005012,0.81230855,0.37779605,0.7846726,0.21978761,0.62657076,0.7821501,0.18628898
0.65381366,0.27063924,0.23308094,0.81693745,0.31811497,0.17479408,0.78716356,0.32064557,0.7182248,0.19987226,0.7889047,0.30706236,0.3666401,0.79104584,0.22855984,0.7502676,0.33189917,0.7340705,0.73555714,0.26187772
0.7562751,0.22348313,0.28464007,0.75544417,0.1977803,0.2761667,0.8153138,0.29392105,0.7158003,0.3063908,0.7258919,0.20797673,0.30933613,0.71476203,0.21994086,0.7824794,0.26701224,0.7183208,0.70158947,0.28553772
0.7673105,0.18052095,0.25079408,0.7923332,0.28414816,0.23389557,0.7806692,0.21455911,0.7193932,0.23160422,0.630902,0.2699687,0.20948967,0.64969134,0.2502354,0.73381966,0.24165326,0.71345854,0.73213536,0.27053297
0.76525843,0.2717089,0.2981691,0.7520085,0.24518754,0.2004147,0.8054915,0.25693944,0.79385245,0.3180933,0.8824405,0.1773799,0.29197118,0.7542882,0.20440088,0.7225219,0.21941572,0.7614047,0.7367884,0.32220078
0.7626149,0.29440144,0.23566225,0.7983917,0.30919063,0.32837468,0.8163008,0.2760309,0.74812603,0.24490942,0.77849674,0.25172815,0.25002676,0.80101335,0.11608589,0.7554306,0.26799062,0.72192806,0.7435307,0.13936347
0.72625387,0.20186841,0.28624767,0.76142544,0.26363236,0.21881174,0.6684516,0.24931312,0.6956364,0.28024894,0.80359364,0.24762546,0.16111821,0.78892165,0.31324583,0.7006151,0.18062373,0.6978931,0.6341119,0.21759982
0.77179503,0.29302785,0.19279559,0.6767616,0.21848187,0.21178117,0.6951357,0.20222689,0.76027024,0.23782781,0.78481424,0.2627325,0.16659737,0.7555733,0.24897514,0.78397286,0.25616428,0.7927864,0.73653,0.23835167
0.7498741,0.23443934,0.30347118,0.6774847,0.28873295,0.19316386,0.67967975,0.23571599,0.76008385,0.19454265,0.70277166,0.31003088,0.32234755,0.78223664,0.31903276,0.7584234,0.31969482,0.72060597,0.6936332,0.286121
0.7501005,0.25971052,0.28433552,0.778641,0.295062,0.29533547,0.82914937,0.22007997,0.72156215,0.21612948,0.72875166,0.25336528,0.41461748,0.71168303,0.28815642,0.7965775,0.33464402,0.75662416,0.7795632,0.19077635
0.7795417,0.16995049,0.32170132,0.7048044,0.24757986,0.25947365,0.7563914,0.293466,0.78249335,0.27423385,0.72853106,0.1626926,0.1760762,0.7551987,0.18858744,0.7070453,0.16751665,0.7386672,0.8024169,0.2546126
0.72227454,0.3157926,0.18567356,0.84269285,0.25728714,0.21805437,0.7109402,0.24767217,0.65278196,0.25150874,0.83094525,0.23187232,0.24093139,0.7690943,0.28631526,0.73395574,0.276545,0.72373736,0.70493174,0.30899376
0.81339306,0.20753133,0.20625347,0.78720295,0.31685093,0.29116628,0.71070874,0.23880754,0.78970534,0.34803534,0.7446382,0.2363678,0.27352926,0.73216665,0.23869233,0.7490045,0.25223038,0.8014591,0.75892544,0.2089863
0.8333609,0.28404173,0.30832106,0.7884172,0.23209664,0.2405431,0.7687007,0.27021217,0.76683086,0.34294242,0.78157777,0.24063095,0.26211914,0.77288324,0.33080733,0.7654214,0.1434238,0.71772844,0.7544552,0.26900828
0.79555607,0.18292724,0.33309522,0.77213365,0.130736,0.2531683,0.71990436,0.2576646,0.7368086,0.21663581,0.79603195,0.33215386,0.20512158,0.68879056,0.27119312,0.78470224,0.14632526,0.68654394,0.72934127,0.2690508
0.73615116,0.33960015,0.24041475,0.64799637,0.20847715,0.18541718,0.79037404,0.2667137,0.719035,0.34521174,0.78577715,0.25653446,0.16935912,0.7282301,0.21944378,0.7704274,0.19298474,0.70778984,0.7437079,0.2624665
0.7488165,0.19774017,0.24928401,0.7035375,0.2540812,0.27344775,0.6743818,0.20467894,0.7579249,0.25416732,0.6817354,0.26872608,0.21761912,0.6976814,0.16264331,0.7583695,0.16287354,0.7310765,0.74286,0.35525757
0.8234509,0.2589836,0.2549227,0.7109468,0.33670738,0.25160173,0.74082935,0.31655687,0.70325834,0.20462403,0.8315599,0.38345104,0.25785556,0.7243149,0.22333263,0.75078994,0.22874612,0.7311737,0.8147318,0.26261726
0.8049429,0.15794371,0.27885583,0.7671358,0.25878212,0.2684724,0.7266154,0.22265653,0.83156496,0.26833206,0.7395355,0.29692212,0.22669369,0.7723746,0.1980128,0.81298524,0.2756652,0.7825991,0.70535547,0.25856954
0.7162807,0.14119534,0.20184906,0.7616153,0.29188704,0.268931,0.67560124,0.24742047,0.77225393,0.1614829,0.8738168,0.27557465,0.2589085,0.77841127,0.28374913,0.837331,0.22889411,0.7365692,0.7202314,0.30650586
0.72392964,0.25967264,0.3240921,0.7101139,0.24376321,0.23076725,0.7221733,0.24971655,0.78543264,0.37633687,0.8129859,0.28366482,0.18767808,0.7060199,0.17353518,0.9069714,0.29614323,0.78402406,0.6816782,0.26940778
0.6820913,0.33147696,0.2513038,0.79132855,0.22132434,0.14347124,0.69547194,0.2332944,0.7165511,0.2556175,0.6968851,0.2280074,0.19117501,0.6885555,0.23621531,0.7976012,0.28170913,0.7430683,0.77198964,0.33036384
0.8096044,0.2530102,0.26345965,0.7679526,0.2993726,0.2552647,0.7658045,0.31011176,0.80288225,0.16821963,0.7933,0.35156393,0.20100659,0.75011516,0.21076272,0.7389753,0.27413708,0.7718767,0.7163566,0.23539537
0.7008396,0.21616527,0.14820972,0.7317273,0.35856658,0.2129853,0.68145657,0.25731832,0.7609442,0.25920975,0.74404544,0.29760116,0.23200892,0.7398188,0.31091055,0.754285,0.13647917,0.6871779,0.7690989,0.25559953
0.7137037,0.3213084,0.30446485,0.71711284,0.23651995,0.2770217,0.79491174,0.27523488,0.76666594,0.2047327,0.75770956,0.25487477,0.18782154,0.7921931,0.23266177,0.7871526,0.237454,0.7261068,0.78103507,0.25433174
0.7669081,0.19909064,0.2629888,0.6659339,0.21029817,0.29468346,0.78590214,0.31874394,0.8059979,0.2616392,0.6860531,0.17656511,0.17557585,0.7829141,0.286973,0.76681715,0.1965916,0.7657933,0.6757061,0.38806397
0.7609491,0.24537909,0.24606651,0.6817404,0.23458055,0.22101489,0.76911116,0.2658524,0.7175633,0.3320489,0.6837686,0.18900853,0.21690594,0.7204564,0.25726143,0.7170906,0.24440277,0.80215424,0.6499313,0.19267206
0.79727405,0.27806097,0.23938543,0.7850146,0.27340955,0.18436167,0.7992163,0.18186158,0.62377983,0.292467,0.8129453,0.2427316,0.24355556,0.7154101,0.1665048,0.7128876,0.2535491,0.79533565,0.65324515,0.17315108
0.73193014,0.19271281,0.27291018,0.7019852,0.28883913,0.2257479,0.7295666,0.22295494,0.79335517,0.24948376,0.7732077,0.34113425,0.30284268,0.7396417,0.23298422,0.81775457,0.32243904,0.70588374,0.66022176,0.32905594
0.73722136,0.30533892,0.2798115,0.79804176,0.22771083,0.29165998,0.7593882,0.20326494,0.8216677,0.3057507,0.79926246,0.2748096,0.2810527,0.74656093,0.1797967,0.777846,0.2164882,0.69433904,0.7021552,0.26826847
0.76247364,0.2706746,0.23979308,0.8088173,0.31732804,0.16609707,0.7082982,0.24359821,0.79365206,0.16717812,0.76980096,0.22385298,0.23249884,0.83642703,0.11088723,0.8270258,0.25852048,0.88256085,0.78319496,0.26309586
0.77276266,0.26016444,0.2357136,0.80305624,0.19068478,0.27331647,0.77278394,0.30654237,0.8237536,0.2490618,0.78515565,0.25616667,0.19731788,0.8125331,0.25778863,0.72028995,0.15687163,0.7181002,0.7491945,0.26969647
0.7354909,0.28331846,0.29046297,0.7794021,0.35210347,0.221226,0.74951655,0.2771149,0.7413562,0.13535467,0.71283025,0.17782924,0.17344117,0.7547953,0.30683208,0.7566765,0.30924684,0.7191028,0.75215876,0.33314195
0.711171,0.17538023,0.31034127,0.7375246,0.2750204,0.2356788,0.8023081,0.2215595,0.78013486,0.28148475,0.6894784,0.20767751,0.23818766,0.87968326,0.18220676,0.7209428,0.21453567,0.77800316,0.7646681,0.22865228
0.83652186,0.32334635,0.30517155,0.758689,0.2714834,0.23601969,0.815266,0.24609286,0.7770053,0.32368648,0.71998173,0.27284336,0.2589617,0.7360654,0.22255297,0.6588379,0.20241317,0.7453746,0.7724281,0.28598976
0.61006224,0.289011,0.31711197,0.8013016,0.16701928,0.2915972,0.6773266,0.25118196,0.72021514,0.30484232,0.7840819,0.28757316,0.13895437,0.7719991,0.25352913,0.8457225,0.30610898,0.7975517,0.74233806,0.23097286
0.7063036,0.26815024,0.23343496,0.73534185,0.26798508,0.1783061,0.73336685,0.24421795,0.77530867,0.23653738,0.8244033,0.21737558,0.20984562,0.7439122,0.27190945,0.6786517,0.23965164,0.7010951,0.78647727,0.28102815
0.74119896,0.28358385,0.30739868,0.78110653,0.2359714,0.2684038,0.7968684,0.21271656,0.83888185,0.21648498,0.8347058,0.21349713,0.2165722,0.7414205,0.3950652,0.6742626,0.23532714,0.7414864,0.74113095,0.22871941
0.6725404,0.22939251,0.30563936,0.787222,0.22332504,0.2388803,0.7762333,0.28051102,0.768747,0.1989941,0.76037097,0.21940114,0.2618817,0.7527733,0.25298274,0.73700637,0.22792326,0.8617612,0.84504247,0.27074072
0.78717923,0.28781867,0.30265957,0.7086188,0.20990005,0.2793414,0.80702424,0.35139212,0.7233126,0.29099768,0.78086954,0.21850334,0.24952187,0.79191047,0.19825572,0.71488756,0.34047827,0.7721657,0.7391619,0.2442531
0.74789566,0.18299314,0.2102817,0.7883749,0.18500754,0.22607191,0.788491,0.16127029,0.6888479,0.22001183,0.766758,0.31541315,0.21468508,0.7387439,0.27488983,0.79134065,0.2882413,0.7647225,0.7934777,0.25505394
0.76440257,0.25385886,0.21135725,0.7793195,0.28982222,0.28280643,0.7626811,0.25058717,0.7852919,0.23723325,0.7318962,0.3116202,0.17066962,0.74843454,0.22312275,0.7816899,0.22038013,0.69765323,0.7706147,0.256324
0.7719676,0.25053987,0.28675035,0.68783885,0.25593096,0.23393261,0.8462065,0.19848834,0.73980594,0.2843246,0.8227881,0.32996947,0.18438232,0.6840426,0.3229283,0.6838594,0.20674592,0.7635192,0.79625744,0.19699116
0.80567896,0.21555126,0.31729493,0.8452258,0.1793018,0.33297074,0.79972875,0.21694124,0.7194577,0.3074874,0.7402736,0.3725257,0.19959643,0.7546563,0.25708327,0.7555058,0.21528065,0.7356675,0.75509703,0.2281651
0.7327784,0.2169787,0.1955664,0.7890562,0.20130734,0.31108302,0.81286144,0.38472033,0.7651954,0.28230488,0.7625696,0.27153057,0.23604403,0.8216852,0.28255764,0.71027935,0.12686142,0.7837099,0.7391439,0.2793565
0.68115985,0.29924506,0.24354118,0.8056472,0.25842875,0.2256046,0.7776453,0.23754705,0.67328036,0.2012235,0.80045813,0.28374845,0.29085988,0.7117038,0.20885137,0.7016621,0.24224144,0.6815797,0.6925398,0.24656199
0.68803394,0.2709444,0.30864057,0.72928494,0.24806955,0.2621871,0.6776869,0.28263277,0.7293744,0.22107531,0.7715418,0.20433316,0.2507848,0.718331,0.22296026,0.70840615,0.18294282,0.6514207,0.7633218,0.2565417
0.795046,0.18268043,0.1912999,0.71699834,0.23642805,0.22802548,0.7700623,0.32990247,0.698458,0.21612072,0.7290127,0.12675285,0.21548785,0.7584374,0.23863827,0.69110835,0.3104554,0.7864651,0.6955385,0.21071695
0.756971,0.22052583,0.28046876,0.6211201,0.21611638,0.2848988,0.7092506,0.3254674,0.70938176,0.20226187,0.76666754,0.32070282,0.3051241,0.7313443,0.2825979,0.78336453,0.23552345,0.7554334,0.7436413,0.28308904
0.68643785,0.18988869,0.22037213,0.8048487,0.26560336,0.30317813,0.7912628,0.2542487,0.6898782,0.24304274,0.762302,0.18183874,0.3111451,0.74753666,0.25066906,0.7291737,0.27947688,0.767417,0.68894076,0.26848325
0.6952582,0.17403427,0.30843806,0.7667848,0.203194,0.30204076,0.6920389,0.14229497,0.6680088,0.28213477,0.76776373,0.29901856,0.30734408,0.7775411,0.22821297,0.7887462,0.25179395,0.7486598,0.80510044,0.32970715
0.77357274,0.21928848,0.3598637,0.8533977,0.23679401,0.22500421,0.68569165,0.240851,0.65664124,0.19181375,0.7862857,0.3145223,0.22933668,0.7256131,0.27315325,0.7796703,0.30192563,0.7608827,0.7826399,0.25076476
0.73593295,0.26523566,0.20710348,0.71359366,0.36246648,0.19060731,0.70965034,0.28748488,0.71054745,0.21838161,0.7705122,0.28797263,0.2546939,0.6487317,0.24441107,0.7216137,0.36172512,0.83207047,0.7405663,0.13872215
0.72832936,0.25649115,0.2545094,0.67079365,0.30431613,0.18176514,0.66926754,0.4129696,0.70321953,0.25908116,0.7207085,0.2907493,0.3106603,0.76620775,0.3125579,0.7388905,0.2401841,0.68761146,0.7039954,0.2609252
0.69602776,0.29883105,0.25288677,0.7452819,0.23304212,0.18708457,0.789183,0.26278907,0.6712273,0.18923457,0.7801983,0.30984098,0.22726285,0.8346814,0.28605786,0.8298371,0.2821928,0.6832607,0.78616965,0.34160298
0.7782166,0.3106442,0.247697,0.71890754,0.25203398,0.25621134,0.76929665,0.33181816,0.72601503,0.30835325,0.74463856,0.32111496,0.27619702,0.7674501,0.18260404,0.83193994,0.2422411,0.81598645,0.7226911,0.2812829
0.7395786,0.27216285,0.3049399,0.72444856,0.3567801,0.22819053,0.86692023,0.24220794,0.8215183,0.2017064,0.7517984,0.30717006,0.2267668,0.76815444,0.22413789,0.71164095,0.3076927,0.7498875,0.83925706,0.30776972
0.7355781,0.20602326,0.22264454,0.75821316,0.23964654,0.25151217,0.70522654,0.3251928,0.8043202,0.19007301,0.8298644,0.18883964,0.347676,0.82488465,0.30982992,0.7255162,0.12795064,0.802251,0.71398383,0.2801892
0.7049236,0.23166981,0.27786413,0.8509493,0.30331647,0.24116093,0.74140525,0.26924866,0.7252053,0.2710882,0.8083123,0.2758773,0.3249407,0.7842539,0.23553361,0.8013578,0.35738832,0.7800178,0.7954444,0.12724155
0.7842388,0.25203276,0.2536356,0.75738,0.3486515,0.38248044,0.73148996,0.31954178,0.66287476,0.2501602,0.75001514,0.25933075,0.21210012,0.78665805,0.28349867,0.70017415,0.21277805,0.74327356,0.7886163,0.27826428
0.78274864,0.29021648,0.24380267,0.7631566,0.17582247,0.28758693,0.70130545,0.13507918,0.72488725,0.32363796,0.73451716,0.25045416,0.28541195,0.7690297,0.24525477,0.7254955,0.25935778,0.6498691,0.7434677,0.20290293
0.7882384,0.2598651,0.23885645,0.68527,0.34413347,0.30260772,0.7257058,0.24151899,0.8362597,0.20968764,0.703737,0.2460695,0.2861486,0.7428779,0.16395453,0.77819693,0.27572328,0.6531224,0.74818814,0.12825935
0.6657062,0.22215626,0.21774936,0.6942785,0.2533952,0.1953417,0.7972738,0.17779195,0.8674041,0.26193103,0.70813316,0.2729657,0.19445407,0.68800634,0.17439213,0.7446658,0.32072762,0.78898376,0.7234676,0.24427685
0.7381701,0.16450438,0.26540387,0.75122285,0.21063532,0.24201927,0.7419267,0.25862178,0.78625125,0.28841487,0.8147867,0.20117842,0.25978002,0.7196734,0.25584885,0.8059422,0.25274265,0.7036367,0.80189395,0.3533117
0.75454175,0.3185956,0.19458137,0.7476192,0.26227063,0.2693059,0.7416798,0.30606997,0.64355296,0.18951514,0.72521746,0.25681868,0.24615057,0.73591435,0.3025842,0.76473016,0.27959815,0.8093924,0.80763084,0.2526618
0.6974944,0.20738684,0.2643885,0.78219384,0.23313594,0.26626796,0.79358596,0.31579888,0.75240046,0.19529185,0.86593014,0.27781114,0.24608675,0.71906424,0.21214445,0.7114907,0.2148079,0.76382244,0.7359441,0.3115418
0.73271465,0.21172778,0.28251588,0.7327715,0.27962855,0.3320342,0.68665147,0.22848497,0.76915383,0.19394757,0.75006044,0.32117668,0.2671352,0.72964823,0.18242261,0.7972022,0.2941776,0.745056,0.6925582,0.24772014
0.6834192,0.2464463,0.21412097,0.76790696,0.23770575,0.24400118,0.72937095,0.28216463,0.72037923,0.25690576,0.781966,0.33974794,0.27919728,0.81645596,0.24789669,0.7442189,0.26445395,0.7546772,0.6287783,0.19714233
0.7105411,0.21398777,0.22109048,0.79861766,0.31164312,0.3611541,0.7947709,0.20420894,0.7562612,0.2631557,0.7597273,0.2250109,0.18334916,0.7850089,0.25896743,0.8128541,0.2709245,0.6948291,0.73966545,0.25265357
0.82765186,0.2831376,0.250828,0.6643184,0.22784024,0.24987459,0.8191798,0.2645677,0.7340138,0.31953257,0.8557158,0.3018558,0.19338194,0.7704932,0.28521645,0.716292,0.3103519,0.7717661,0.72226727,0.18822914
0.742443,0.109475136,0.31639922,0.7708619,0.2732051,0.27809116,0.784752,0.19643435,0.76517814,0.29648793,0.82930714,0.25881264,0.23734337,0.7276857,0.3409172,0.84512275,0.060872853,0.6014689,0.72138584,0.25575128
0.7052731,0.2593386,0.27136728,0.73270375,0.31687883,0.3309279,0.7712748,0.29086086,0.8026574,0.2561398,0.781071,0.28205043,0.31908217,0.7309349,0.24894159,0.68300843,0.2771626,0.72484595,0.7402529,0.23381655
0.8000361,0.22261971,0.28072256,0.6951728,0.295033,0.28583652,0.76164025,0.25160122,0.8259646,0.23273101,0.7275741,0.20413409,0.30734935,0.77017695,0.2355116,0.82416373,0.25276986,0.790432,0.69863796,0.26096368
0.7546314,0.26240584,0.3254833,0.68186307,0.27202582,0.19319312,0.6993398,0.18082902,0.73479563,0.28069016,0.73009145,0.3248017,0.3445085,0.8163479,0.27744305,0.7123274,0.34144342,0.7683036,0.78012246,0.2557282
0.72737485,0.37051603,0.10764365,0.7362364,0.1332365,0.2684138,0.79281855,0.24583739,0.7648556,0.278534,0.7627611,0.27780825,0.26026428,0.7148102,0.13624209,0.7119403,0.33640516,0.8041365,0.706629,0.3322897
0.71004534,0.2691127,0.18978068,0.74912596,0.2772598,0.23446341,0.8213065,0.21988994,0.75669867,0.20587906,0.7436913,0.2896948,0.21344778,0.69829744,0.23983043,0.8176302,0.24109808,0.7291128,0.7430834,0.23763037
0.7779112,0.27340093,0.18427417,0.7778673,0.29039514,0.21768132,0.7443408,0.25324428,0.7412281,0.2579627,0.74205554,0.18993954,0.16122197,0.82176244,0.32320088,0.7865651,0.224054,0.6823376,0.7847195,0.21090874
0.7167942,0.2956918,0.323664,0.7694529,0.31820136,0.2628781,0.7434386,0.25047222,0.77322876,0.29170707,0.7397918,0.19584557,0.2475851,0.8273531,0.2485075,0.7276621,0.26585516,0.7829376,0.80693275,0.2670772
0.6813769,0.26783043,0.1638039,0.79518384,0.33741635,0.25894842,0.78351474,0.29390115,0.74573994,0.17462951,0.7940342,0.3309056,0.3080533,0.7088936,0.30117953,0.7391587,0.25334188,0.73417586,0.76435685,0.28426543
0.81599885,0.31468624,0.19071725,0.77493966,0.1561743,0.25984827,0.781689,0.24713698,0.6852049,0.2500657,0.66425836,0.22773115,0.2609663,0.7223727,0.20551746,0.66050047,0.24738236,0.7061704,0.8078148,0.2532687
0.73058164,0.23459068,0.24965204,0.7386,0.19632411,0.3567378,0.83384347,0.2609779,0.75392187,0.22545646,0.85080606,0.15259041,0.20463893,0.76943356,0.30825812,0.7597752,0.27449855,0.73805165,0.8335672,0.294724
0.7164296,0.29536647,0.25572243,0.8045223,0.31587905,0.1951445,0.6825636,0.32140326,0.69756466,0.24195006,0.7167737,0.22419259,0.19195175,0.7153727,0.22162144,0.85182434,0.27283713,0.7737432,0.717504,0.22342063
0.7827526,0.19307697,0.20195672,0.7720341,0.3760215,0.28180593,0.7562881,0.16873768,0.74232244,0.23752894,0.79286975,0.19823045,0.3123544,0.7250543,0.19163083,0.79288,0.3426077,0.7334524,0.65386367,0.28107563
0.7648251,0.35045034,0.23068337,0.25056306,0.2214559,0.18700008,0.8284558,0.7482834,0.6648587,0.8071358,0.40574205,0.7146564,0.6833729,0.7378342,0.15452936,0.8053639,0.24161147,0.22520913,0.33013892,0.3469855
0.7690407,0.23118362,0.14201754,0.30832016,0.2057351,0.26251468,0.829815,0.8099235,0.6474555,0.72684413,0.30755657,0.74847573,0.7200903,0.6707989,0.2620286,0.8012899,0.23314434,0.16216417,0.30601498,0.38999742
0.7260722,0.31445992,0.23917466,0.25461015,0.33878362,0.24374983,0.7420887,0.7503906,0.79612833,0.68667406,0.2753042,0.7641617,0.78594196,0.72979176,0.23249151,0.75173825,0.26253322,0.17767507,0.23271228,0.16622835
0.82981455,0.21593513,0.27893183,0.21133853,0.27549636,0.12871537,0.76694,0.8025815,0.69070244,0.72041255,0.21911162,0.76127553,0.7058417,0.75813526,0.28325263,0.75335157,0.22102405,0.2957284,0.18149544,0.27026075
0.7363663,0.22341007,0.24027579,0.21448445,0.25955385,0.20722382,0.7263629,0.7089892,0.82417053,0.7479511,0.32529187,0.6701211,0.6509229,0.78096664,0.19496886,0.7002738,0.23368587,0.21792857,0.23285383,0.22058074
0.7620097,0.26473552,0.32791835,0.23448843,0.31707326,0.15698162,0.77274317,0.79597,0.75089294,0.6937134,0.26205072,0.81587034,0.84148246,0.75500953,0.29229072,0.7739725,0.25357828,0.30671015,0.33471873,0.27741584
0.753188,0.23882355,0.2942326,0.20748296,0.2757632,0.31556487,0.7463464,0.7106512,0.78545517,0.71251184,0.24344046,0.72658724,0.804455,0.67216873,0.34337223,0.6968929,0.124676034,0.2834063,0.23584294,0.2419667
0.7836893,0.15300015,0.25087893,0.34333235,0.17873713,0.21461372,0.7602822,0.6752361,0.7716391,0.70773727,0.22978595,0.8310692,0.7444441,0.8185485,0.32031077,0.7686926,0.24153829,0.23183265,0.31038824,0.23777951
0.7390788,0.19513768,0.24877794,0.15141964,0.3045928,0.24457273,0.7558206,0.7367375,0.67921233,0.79460686,0.2539288,0.76637113,0.741434,0.81977683,0.2850664,0.82823676,0.24871202,0.23495644,0.24209884,0.22040321
0.8047151,0.23915902,0.17437339,0.26498613,0.15968037,0.30977216,0.80138946,0.740876,0.72361946,0.8155702,0.24037108,0.731277,0.6915574,0.7288086,0.36716473,0.767137,0.24410102,0.2020869,0.29516867,0.2474719
0.7517355,0.30687484,0.2534531,0.27767015,0.2964072,0.27695483,0.71986395,0.8026093,0.71116924,0.82283074,0.18043894,0.7648499,0.6913656,0.7816725,0.25731942,0.7161199,0.2885332,0.24800721,0.22690046,0.3117753
0.68534124,0.3080299,0.2616663,0.19876277,0.24065073,0.25816175,0.8019758,0.78253144,0.70709044,0.60822856,0.28804606,0.7213311,0.71464396,0.7347108,0.21093486,0.7424449,0.27385134,0.38189334,0.21108322,0.19551939
0.6881743,0.27784574,0.26324648,0.23836452,0.21852207,0.19515398,0.7909776,0.65046,0.73534834,0.7899676,0.18126708,0.81467044,0.7249228,0.7568995,0.30961746,0.8054473,0.20154536,0.28835136,0.34364045,0.22697693
0.69975716,0.2356546,0.24265228,0.20097251,0.24198093,0.23973194,0.782509,0.73605496,0.6834536,0.69041586,0.24134426,0.86867803,0.8331618,0.7200848,0.3390295,0.7371084,0.26065317,0.18759377,0.20087017,0.17780662
0.80378735,0.16820902,0.2331395,0.23174043,0.2958359,0.32039133,0.77059394,0.7868142,0.7283226,0.76567924,0.19929726,0.8261663,0.7070002,0.68494165,0.25198764,0.7097824,0.3279891,0.26225415,0.19905879,0.2777266
0.67136526,0.25240928,0.25631157,0.20285831,0.30830842,0.20713125,0.71683204,0.8210989,0.7995863,0.6567149,0.3170359,0.7496073,0.7107611,0.63365686,0.24356338,0.8730151,0.25951454,0.29432273,0.22674862,0.27472338
0.81816375,0.25083324,0.23955473,0.28554267,0.27384263,0.30891743,0.7516294,0.71618724,0.73399097,0.73558336,0.25342542,0.79511625,0.6961675,0.6880649,0.27607733,0.74070716,0.25355884,0.30325994,0.2980582,0.20296973
0.67780995,0.26962572,0.34338817,0.20164998,0.20890272,0.26386106,0.7857563,0.71356237,0.7908539,0.802173,0.25594926,0.7154708,0.7722406,0.69872487,0.36850122,0.71575505,0.34470433,0.1676727,0.32127345,0.2780357
0.7701633,0.24656904,0.20360377,0.258024,0.24574414,0.27004325,0.7456785,0.7031444,0.81677294,0.7024346,0.21257707,0.78744745,0.70016086,0.7604277,0.3005386,0.808776,0.20407557,0.2566274,0.23415995,0.23188412
0.6926189,0.2470508,0.22168837,0.2538313,0.26376233,0.19336753,0.8292962,0.7296547,0.71376747,0.83103126,0.29430345,0.6921426,0.77620625,0.7222953,0.26170504,0.8101228,0.28421178,0.29415935,0.3002055,0.19398426
0.75150615,0.24154934,0.27596733,0.2387633,0.26012078,0.2811627,0.7329383,0.77716386,0.8265549,0.80961955,0.22325921,0.8148863,0.7123324,0.80922616,0.2440542,0.7413054,0.2886667,0.35515127,0.177739,0.28791958
0.7298436,0.24684054,0.30246243,0.29321417,0.20177147,0.27753785,0.6844397,0.75072354,0.73679525,0.75813174,0.29915467,0.80732083,0.79150176,0.73049694,0.30423197,0.718615,0.29623905,0.19686343,0.19641283,0.27511457
0.84733343,0.30560347,0.20264685,0.20813952,0.16307124,0.18679488,0.68190557,0.7157286,0.7455929,0.765664,0.259139,0.6609821,0.7700111,0.72906613,0.29533505,0.7135548,0.15813792,0.2697038,0.2756391,0.279024
0.78235054,0.21982273,0.19155261,0.12526374,0.25041923,0.35628992,0.780156,0.76803184,0.73002905,0.7725132,0.25431514,0.7605683,0.809827,0.7252205,0.26856205,0.76772237,0.20935142,0.2496944,0.105276614,0.21939975
0.7426678,0.28889915,0.21779323,0.31475583,0.19576609,0.26949185,0.7156199,0.81421745,0.880556,0.7582358,0.2465474,0.69655675,0.7545757,0.68325824,0.30322987,0.6447198,0.2837807,0.27264014,0.20400605,0.22289537
0.83855736,0.25050378,0.3083146,0.26330295,0.21657437,0.24369799,0.66617596,0.7808227,0.6956395,0.76628184,0.30346712,0.8110539,0.6908355,0.72031605,0.1313293,0.72437435,0.27288646,0.2543702,0.28379512,0.27472004
0.69943345,0.24978293,0.26660705,0.22132157,0.25317165,0.21586747,0.7087076,0.7702716,0.7252089,0.81098527,0.15018517,0.7659006,0.6989942,0.76754814,0.297859,0.74737936,0.2687461,0.26083627,0.26532337,0.25816754
0.79887646,0.19512926,0.2811825,0.22649238,0.28281033,0.2677438,0.77892256,0.8235863,0.70027757,0.8030331,0.24938984,0.7991346,0.78081024,0.7600019,0.24207595,0.7286037,0.273859,0.29558396,0.20665023,0.203577
0.6846538,0.27177173,0.16018742,0.30473673,0.20862514,0.26397756,0.7855185,0.7495565,0.7889014,0.6703671,0.28073096,0.7312679,0.7296514,0.6681815,0.31602252,0.81939954,0.17835884,0.2949015,0.24547832,0.20479734
0.84055686,0.24251626,0.3038076,0.24986784,0.31959632,0.20569228,0.735545,0.7408788,0.81323093,0.6995702,0.35259566,0.7148359,0.72715586,0.7122903,0.13303566,0.64073426,0.28028697,0.29875326,0.17101271,0.2637432
0.7237216,0.28650904,0.2643697,0.19373934,0.25782612,0.2131141,0.7483187,0.78376573,0.7635097,0.68587834,0.24339586,0.8149191,0.74719125,0.84785604,0.17838806,0.73198086,0.25512573,0.2180812,0.2763619,0.21208417
0.7624098,0.30550298,0.32084456,0.22480181,0.25353187,0.1854872,0.69099367,0.81193787,0.70856446,0.7457797,0.24361418,0.7470595,0.7906279,0.75763845,0.16116428,0.6902066,0.21572554,0.33581424,0.20201501,0.2488174
0.65480673,0.13319656,0.2181824,0.24808744,0.25695944,0.29767048,0.7266281,0.71055806,0.7030146,0.72003627,0.24378327,0.7636281,0.7112998,0.67719233,0.31605595,0.81100863,0.23059115,0.32983428,0.24393511,0.27561146
0.6754504,0.28835618,0.31776482,0.26597622,0.3270906,0.27579257,0.73509824,0.6908475,0.797088,0.77282465,0.28454554,0.715407,0.74981266,0.77565217,0.285341,0.72236377,0.19247413,0.29285935,0.2263382,0.30358937
0.7851068,0.30360252,0.2618623,0.27370754,0.32759798,0.28469905,0.7457599,0.78866684,0.79437745,0.7846801,0.15118426,0.7512561,0.736681,0.83598316,0.24606721,0.80650437,0.19479814,0.18798828,0.29346493,0.2387923
0.77237236,0.3561752,0.22369237,0.28912154,0.30928203,0.1832025,0.67744607,0.7418099,0.81858623,0.88537896,0.21074319,0.7967597,0.71826667,0.7173213,0.1923178,0.83461696,0.26003,0.16028059,0.23109734,0.24106018
0.777159,0.23892935,0.23325998,0.25843424,0.13398683,0.17952129,0.71298814,0.73839355,0.8058542,0.8140111,0.21912535,0.72912145,0.7249148,0.7142574,0.224926,0.75461394,0.23196632,0.3200478,0.22908007,0.2085722
0.81027824,0.30309206,0.35139138,0.28779194,0.08754268,0.24572262,0.74358535,0.7541397,0.7707902,0.8404497,0.19411644,0.7740408,0.78020304,0.77448815,0.24565338,0.7365762,0.22572298,0.24503921,0.21771294,0.22840533
0.6739854,0.299936,0.23283535,0.2202403,0.20838572,0.16219127,0.71084,0.7520878,0.6711702,0.7199984,0.18038148,0.67881155,0.83622473,0.70424664,0.1966581,0.74078715,0.2134856,0.2916676,0.2745643,0.27787903
0.79293454,0.345142,0.3124358,0.27070248,0.25401765,0.25135243,0.67879874,0.67110264,0.7841525,0.81839067,0.1875504,0.84385806,0.69106597,0.7108033,0.2665205,0.7966809,0.17647398,0.33366293,0.21685544,0.1572608
0.8123664,0.19162811,0.25471678,0.14341234,0.24738406,0.14996982,0.66973096,0.67754984,0.77481467,0.7898256,0.25564566,0.8130988,0.81207985,0.72214234,0.20957384,0.7171252,0.31533647,0.25311112,0.35072318,0.32544288
0.69158965,0.19017217,0.27109462,0.26078156,0.18536885,0.124979034,0.6500962,0.7728167,0.8035847,0.7439009,0.27121693,0.7296787,0.7469193,0.8046528,0.23693025,0.8145981,0.278446,0.23760648,0.24404816,0.3419877
0.76402175,0.29183283,0.23394062,0.22303554,0.22424805,0.3438671,0.7550645,0.73769623,0.76878756,0.83774257,0.32894292,0.77089286,0.78102595,0.72260785,0.30263567,0.8413884,0.29596636,0.2039759,0.28311464,0.26374638
0.82270724,0.21144341,0.2926395,0.18308786,0.27338547,0.29724967,0.8369624,0.79488164,0.68627477,0.78865147,0.30118188,0.7577491,0.75037396,0.7414576,0.24994765,0.7215653,0.23615082,0.22224832,0.26968613,0.36675358
0.79425174,0.2499236,0.27110276,0.21002328,0.125661,0.25331324,0.67412,0.72462815,0.77819675,0.8091049,0.22204457,0.77364206,0.70504135,0.80970156,0.32313186,0.87996584,0.26747593,0.21267864,0.25234267,0.21797161
0.7709404,0.2555425,0.25723845,0.14668036,0.2868735,0.2302348,0.713956,0.76936215,0.8570621,0.70905876,0.25382498,0.7197639,0.7076984,0.76158255,0.17932269,0.74262416,0.17199433,0.30287528,0.24181825,0.25128406
0.7973393,0.18611771,0.3012761,0.24348836,0.267225,0.17989588,0.70788455,0.74971074,0.7538613,0.8602559,0.24472305,0.71340245,0.70042866,0.71691126,0.24518506,0.6949273,0.2173702,0.18650788,0.2714099,0.27735835
0.7115026,0.22796449,0.14760733,0.26210624,0.21989048,0.35095257,0.8330258,0.7609596,0.81259555,0.66090345,0.27691543,0.793849,0.7724541,0.6519775,0.26324368,0.6977063,0.20965962,0.12538818,0.21478048,0.28837433
0.82828736,0.20833275,0.3691874,0.21420327,0.23068933,0.28195605,0.727926,0.737903,0.69308764,0.81854635,0.34215584,0.7421829,0.68172884,0.7901959,0.24960482,0.7109309,0.24557427,0.2404071,0.23675688,0.2664001
0.6702347,0.23979518,0.19886942,0.3012463,0.32616046,0.18981867,0.7636059,0.8170751,0.705142,0.7435578,0.19651756,0.7448014,0.78900206,0.6939764,0.20715798,0.7197644,0.27667123,0.20417073,0.28582463,0.25758153
0.77950794,0.1678402,0.33722126,0.2603048,0.28505915,0.2303524,0.6657589,0.66333294,0.72986966,0.8112812,0.19934042,0.7948231,0.7741562,0.7079405,0.13117981,0.807214,0.2360998,0.24848375,0.18221894,0.2923685
0.7272302,0.2664753,0.22520149,0.23821937,0.261151,0.27458328,0.7806139,0.7192641,0.77096134,0.7520243,0.20092903,0.7373962,0.84057486,0.7274801,0.20873722,0.7644241,0.284004,0.21332389,0.2503724,0.24504466
0.69035685,0.26085123,0.2099777,0.22086789,0.2801471,0.2465183,0.6908707,0.7260833,0.78988594,0.7675789,0.22320971,0.78513855,0.7496518,0.76360124,0.25901222,0.7228243,0.31134856,0.29964072,0.23427825,0.2385496
0.81237537,0.24668662,0.27137765,0.2968796,0.24847236,0.19605502,0.8117783,0.7555155,0.7430323,0.7358189,0.17489676,0.8030208,0.75399417,0.7943924,0.21497935,0.7397023,0.18812719,0.26328585,0.28514305,0.34477675
0.74357677,0.21285102,0.33934534,0.21670382,0.22500312,0.2637442,0.7870029,0.7753527,0.8366229,0.6852992,0.25216606,0.8528445,0.7947941,0.72579545,0.26563826,0.83051467,0.22918871,0.23257034,0.20637658,0.27591822
0.67425674,0.2592222,0.22626278,0.19479097,0.21495715,0.26823655,0.7357694,0.7667526,0.76786286,0.737195,0.22299193,0.7621063,0.7992798,0.65155864,0.23743823,0.6593038,0.3303702,0.2857929,0.24354671,0.27191773
0.7850486,0.36054546,0.19913217,0.30950084,0.2874349,0.16170269,0.7302457,0.77232,0.66250825,0.7962162,0.27258015,0.74570626,0.70957243,0.7337459,0.22047013,0.7809135,0.26029485,0.2814904,0.32828587,0.24096233
0.78308314,0.2462595,0.2765233,0.22741552,0.24411802,0.23910297,0.8537842,0.77859086,0.73281354,0.725795,0.25380412,0.8358433,0.7699662,0.7497028,0.24731416,0.8269509,0.19913684,0.15968612,0.18092069,0.20215692
0.7296475,0.27274117,0.31985292,0.24309617,0.14714599,0.1604414,0.7873534,0.63745123,0.676733,0.8512354,0.3300382,0.8088041,0.75619966,0.8203438,0.2890758,0.7192164,0.22457543,0.33274907,0.2829601,0.19189394
0.7183174,0.30834493,0.18235376,0.3011749,0.27629495,0.249098,0.7157294,0.7902439,0.6927007,0.90064543,0.24592109,0.75503373,0.7420512,0.87311494,0.31320196,0.76830715,0.2356599,0.28934842,0.18259785,0.20997477
0.75139517,0.30246308,0.20356125,0.2686836,0.20351642,0.2145742,0.798217,0.71689934,0.88400865,0.8250073,0.18957704,0.7764498,0.7113337,0.6845061,0.2596945,0.7589805,0.3472295,0.17931587,0.24307501,0.24478391
0.63679075,0.29647535,0.2577352,0.24569887,0.29423404,0.2381914,0.8048477,0.73436004,0.796898,0.76630586,0.24658623,0.7499586,0.70145357,0.79071623,0.2580576,0.80643904,0.16314383,0.193713,0.34212315,0.3313383
0.72944653,0.28523937,0.29850677,0.24626945,0.20629904,0.21916388,0.72881025,0.79606164,0.7031674,0.8280038,0.2499953,0.7308776,0.7967792,0.81700844,0.12290548,0.67259854,0.23559146,0.17626986,0.20533614,0.22371528
0.69789827,0.25534382,0.296543,0.24153651,0.2750574,0.29006305,0.65519005,0.6714865,0.72537506,0.8135117,0.21272945,0.6719398,0.7761251,0.8501002,0.27261555,0.799582,0.3620575,0.3428988,0.2619199,0.21424235
0.68949294,0.2793417,0.27125603,0.2776289,0.17950282,0.25557637,0.80194145,0.72943586,0.73182136,0.7888271,0.27851826,0.7484852,0.7974506,0.73994064,0.2065053,0.7625556,0.23385096,0.30264947,0.2690145,0.3234467
0.7161695,0.24780576,0.2641086,0.24339949,0.31779855,0.306432,0.71756303,0.68552005,0.75418127,0.74595296,0.20399025,0.75610393,0.72100013,0.7901037,0.35601854,0.79392725,0.25206462,0.22346552,0.25787365,0.20802906
0.6556521,0.2562132,0.27074224,0.23751016,0.22353499,0.24805374,0.70122063,0.7379098,0.7304997,0.7822474,0.21165456,0.70705676,0.7661527,0.75030833,0.2305225,0.7226041,0.20431182,0.2776839,0.28494054,0.287148
0.7233522,0.28422415,0.26314324,0.27246597,0.23758307,0.2078152,0.8098382,0.6885645,0.7869309,0.8663656,0.24569255,0.6912988,0.7970471,0.68697715,0.26133808,0.7906287,0.27115342,0.13815287,0.27322918,0.286887
0.7973033,0.3087352,0.14405006,0.2750711,0.34526488,0.30683497,0.7180082,0.7054205,0.7764253,0.7002011,0.1417183,0.77181363,0.81242335,0.77469647,0.24413443,0.71045727,0.2527847,0.24501193,0.33456266,0.22625706
0.7376664,0.24983536,0.19209835,0.24084274,0.2550961,0.3050091,0.7695232,0.76335067,0.6875629,0.7193675,0.23089993,0.7390288,0.74974453,0.7360487,0.19953062,0.71285367,0.24279658,0.2111324,0.31967023,0.23528107
0.76723313,0.28286305,0.2888488,0.24877414,0.18870509,0.2628791,0.7182275,0.73097193,0.7807032,0.79249126,0.21332246,0.7817861,0.70627075,0.6633496,0.264695,0.7029086,0.24932331,0.18235584,0.3396992,0.20300037
0.7447034,0.27091727,0.2805876,0.2375834,0.31638926,0.20393744,0.7243935,0.7210027,0.83508486,0.7767976,0.24315916,0.8958164,0.6672342,0.8353792,0.3259616,0.76981884,0.24771988,0.18689609,0.2318694,0.29878986
0.6692119,0.19421938,0.22623911,0.16877003,0.19531238,0.17482534,0.7932612,0.7467692,0.88379174,0.69821215,0.2817416,0.7853042,0.7565384,0.70410085,0.2355859,0.7957789,0.27174377,0.14963564,0.2681294,0.29338282
0.73194355,0.28202087,0.3062387,0.22060925,0.30119583,0.22274785,0.66193056,0.7535481,0.7557614,0.7469984,0.25800997,0.754251,0.7458236,0.7551851,0.22163785,0.69075453,0.21808133,0.28966537,0.29219857,0.28291604
0.82068527,0.36687982,0.19972698,0.31141797,0.28538886,0.19652516,0.72495806,0.6284359,0.7771408,0.6981638,0.28924108,0.760206,0.74465513,0.7119688,0.28442574,0.7316125,0.21895073,0.19698007,0.3239965,0.3342975
0.6759985,0.28631526,0.22328058,0.28234333,0.25520027,0.2407371,0.7522087,0.6423856,0.6920972,0.7316017,0.1803917,0.8072799,0.73551196,0.74478465,0.20007321,0.6920651,0.23579538,0.25479326,0.27642876,0.17912474
0.7862178,0.23524395,0.3515288,0.21436056,0.29633242,0.20547326,0.7084631,0.78667414,0.7287377,0.7469616,0.22817971,0.8147945,0.746344,0.72121406,0.29713747,0.8601139,0.30121645,0.25915942,0.3539117,0.32050246
0.8093889,0.12672374,0.26168597,0.33197457,0.2322816,0.32107547,0.7721471,0.76671046,0.7987392,0.7424835,0.21421161,0.8009082,0.8461078,0.7140686,0.29311752,0.7325322,0.26151478,0.21736033,0.31113848,0.17977831
0.7996323,0.15034962,0.28813148,0.28459325,0.12704116,0.27484223,0.79574335,0.7042061,0.7247727,0.7072318,0.2995035,0.6748041,0.7663293,0.7691741,0.25866175,0.67297316,0.22339533,0.21941575,0.24525641,0.2311512
0.81186265,0.17844854,0.23022301,0.31821936,0.1995675,0.30061662,0.7110817,0.73492086,0.7184975,0.76379275,0.32819647,0.76983523,0.81996894,0.7485958,0.2559336,0.7284221,0.19234033,0.17649376,0.2769893,0.2519659
0.72699004,0.24010484,0.24839513,0.3440644,0.22327287,0.2741441,0.6827177,0.73106986,0.73656374,0.7364244,0.16830058,0.7112693,0.8492365,0.72153604,0.20087743,0.7161683,0.26389268,0.21506935,0.3312104,0.26806283
0.7794276,0.2992668,0.3016635,0.32751498,0.22746137,0.18817075,0.78852993,0.72528267,0.7815102,0.75175065,0.1587039,0.7335866,0.7065,0.7862674,0.22429898,0.7507822,0.19970183,0.23889212,0.20458345,0.18842882
0.7898105,0.13113765,0.3249374,0.16369393,0.30277187,0.29114607,0.80037683,0.80200547,0.6921776,0.788577,0.21697661,0.7471734,0.75613517,0.77156734,0.2105688,0.7754799,0.30079952,0.23509717,0.27074337,0.2324023
0.8210899,0.29515213,0.2717414,0.19705723,0.24271789,0.25379875,0.73598504,0.69360673,0.6140345,0.65105814,0.20318647,0.7291917,0.7219021,0.77001935,0.18955311,0.74724126,0.2391107,0.20369045,0.20182392,0.25909728
0.65039504,0.27772537,0.2912009,0.2838975,0.2331816,0.26863086,0.7009318,0.6997074,0.77615,0.72217494,0.22238459,0.7981095,0.7225308,0.77381057,0.22120677,0.805707,0.27101648,0.23632498,0.2755251,0.19231418
0.7656733,0.33872503,0.23316471,0.27354375,0.31140894,0.36051923,0.6948133,0.7636679,0.7446683,0.7488447,0.19785334,0.73727685,0.7624871,0.8291696,0.25294557,0.68423605,0.26073417,0.18971258,0.28998646,0.27930328
0.71867543,0.18947947,0.24302724,0.25006956,0.29567987,0.1865865,0.76330143,0.7259692,0.6708883,0.76021,0.21256192,0.76754975,0.68470854,0.7116109,0.27993003,0.6898821,0.29025894,0.3630218,0.35953265,0.21313992
0.64989704,0.2622354,0.23817904,0.19996722,0.24461949,0.24384807,0.7707564,0.7063924,0.67906237,0.78622055,0.3059192,0.8059542,0.79388016,0.6777086,0.14502719,0.77342224,0.28811246,0.20219517,0.26050043,0.31544122
0.717217,0.32115453,0.17678538,0.2849642,0.3065738,0.24933453,0.7490258,0.7568016,0.8321051,0.7336499,0.23346111,0.8420103,0.6863631,0.79136324,0.2685622,0.73937637,0.25875512,0.2501834,0.20159955,0.2541225
0.7489135,0.25421414,0.31515,0.27858496,0.20871432,0.27119893,0.71104264,0.81156725,0.74317676,0.7879078,0.25843668,0.6855022,0.8124863,0.8005487,0.28922984,0.7428417,0.21165872,0.21694784,0.21536112,0.25334126
0.7543688,0.23681447,0.26001313,0.23225304,0.25260228,0.2762893,0.83501744,0.73912036,0.74639565,0.7460691,0.21830879,0.80823207,0.84455925,0.7430137,0.25743133,0.7144435,0.3176517,0.20361361,0.37007153,0.21308541
0.7411723,0.2690105,0.173743,0.21641888,0.3461142,0.19434854,0.6940323,0.75898266,0.7536874,0.7652741,0.24975328,0.78752184,0.71231747,0.7613204,0.22116219,0.66999066,0.10753557,0.3268709,0.23977554,0.266404
0.74879044,0.14557216,0.19202462,0.2617616,0.23086795,0.3078781,0.769834,0.72586036,0.8072943,0.71122617,0.31872618,0.79586613,0.7610653,0.73924977,0.3230126,0.7674432,0.2937767,0.17818385,0.24122074,0.2653076
0.7262708,0.33906943,0.2972441,0.26454616,0.22960049,0.31736457,0.7993325,0.7379714,0.7793402,0.76055783,0.26658002,0.80085975,0.8310165,0.69908404,0.116510555,0.736253,0.30342567,0.29166055,0.2798696,0.30655038
0.747104,0.24536577,0.30765745,0.2311236,0.268813,0.25276303,0.79731745,0.7079743,0.80674225,0.72981167,0.22431378,0.7642083,0.7708262,0.74365765,0.27860492,0.70815665,0.3027711,0.21870396,0.22508988,0.28120875
0.75304514,0.240864,0.26658586,0.30943578,0.2088189,0.29164118,0.8228999,0.8158085,0.72305834,0.79248077,0.2963734,0.71861047,0.7513468,0.71654725,0.27157065,0.76104194,0.2049479,0.23491661,0.20707548,0.20777886
0.68044525,0.30132708,0.20338258,0.22493406,0.26739606,0.24073009,0.8140835,0.69525516,0.63220775,0.78939974,0.18935145,0.7893436,0.8102603,0.7363019,0.19092536,0.77775764,0.18944088,0.2791678,0.21255629,0.25179067
0.7826371,0.22946317,0.33089828,0.26731053,0.15226066,0.20932409,0.850232,0.64151746,0.80703175,0.7740318,0.20277736,0.7278762,0.8157021,0.7944956,0.23205422,0.7148393,0.2406782,0.34638113,0.21063271,0.31638062
0.68567437,0.2768884,0.27338448,0.22731152,0.25705874,0.23455296,0.78458536,0.8453816,0.68616307,0.7558698,0.31655723,0.7741001,0.6853766,0.75232005,0.3581734,0.70673734,0.26504153,0.23226707,0.22505665,0.14595443
0.75920427,0.21688256,0.35981905,0.26869175,0.39399916,0.22621071,0.69760203,0.8002203,0.75567436,0.6732429,0.31053272,0.81163824,0.7225112,0.82083297,0.2316455,0.76374817,0.2624581,0.28418252,0.32127133,0.27295768
0.17241096,0.72293025,0.7349986,0.20525362,0.27656564,0.21800978,0.7537858,0.7499146,0.7000429,0.27360523,0.7296192,0.23894411,0.2988128,0.20210041,0.2760681,0.24655272,0.2706331,0.6905092,0.15601978,0.20206174
0.3282031,0.70238143,0.700916,0.20955491,0.21816912,0.4258846,0.7996587,0.75095165,0.7307565,0.30585897,0.7942228,0.18638334,0.301685,0.30644253,0.27268735,0.23833334,0.2529849,0.7474091,0.3111643,0.21792725
0.24049236,0.7533884,0.75100625,0.317253,0.23043178,0.2641771,0.7548108,0.78307706,0.82019985,0.17465264,0.7874186,0.31727463,0.19802485,0.2842954,0.28201923,0.13526306,0.25530422,0.78513855,0.16772667,0.26034254
0.22120877,0.6729817,0.7654682,0.2204965,0.23933096,0.20267996,0.7065553,0.6963079,0.77024394,0.29823497,0.7677016,0.22199935,0.23300572,0.30597666,0.28733456,0.20294178,0.24155548,0.6906947,0.27483007,0.24184981
0.22619534,0.77027434,0.7241321,0.26104662,0.2960017,0.2654182,0.72355926,0.7652362,0.69306046,0.21840723,0.7389873,0.20615579,0.24756467,0.18289624,0.25782347,0.24402745,0.3298051,0.7559239,0.23377004,0.2215854
0.20235676,0.7158565,0.81581855,0.28261414,0.18416986,0.21003146,0.75906354,0.8163904,0.7566231,0.19485408,0.728499,0.25253493,0.22310948,0.3158018,0.24648614,0.22739942,0.27217588,0.6733395,0.26511568,0.26597497
0.19652063,0.74658966,0.76058286,0.21508642,0.26214156,0.24020071,0.75609475,0.744573,0.8306662,0.3022595,0.7168076,0.27718592,0.20426247,0.25082627,0.19658303,0.2380535,0.24146448,0.7666037,0.31913108,0.28200912
0.18612312,0.79482734,0.73378277,0.19248274,0.2451825,0.23988864,0.6521286,0.7602637,0.7673565,0.22188386,0.7884537,0.25160015,0.24541031,0.25047576,0.29535198,0.30202603,0.21574168,0.7556578,0.17105132,0.25316605
0.11078076,0.7577696,0.7963575,0.23175661,0.2237189,0.21789797,0.7183463,0.76135457,0.7365966,0.21923342,0.7871236,0.23795323,0.2797336,0.24576508,0.19755456,0.29294872,0.29484898,0.7776254,0.23242334,0.3669709
0.25683045,0.734989,0.7747235,0.22926238,0.25258467,0.17131224,0.64511746,0.7500121,0.76745856,0.18896115,0.75134975,0.27810013,0.25110427,0.23468159,0.15032059,0.28575334,0.20750107,0.756411,0.23949921,0.25779894
0.29530102,0.7622928,0.6640598,0.20099899,0.38072574,0.23199625,0.73509216,0.82415384,0.7616098,0.28322402,0.80687875,0.28038755,0.27370322,0.32652682,0.29715583,0.2343301,0.3601819,0.6458716,0.20835362,0.21123663
0.25328067,0.7625147,0.6634525,0.26367912,0.25931215,0.23825775,0.7230277,0.68946934,0.71785545,0.24098906,0.73617053,0.25490746,0.17904326,0.22579658,0.3039877,0.16064751,0.28769717,0.78906226,0.3660361,0.25070703
0.33919734,0.7638587,0.75574744,0.25337785,0.25875637,0.28089127,0.72073555,0.68924147,0.67675585,0.21387209,0.74561095,0.2689056,0.15900496,0.26252005,0.21097562,0.2484316,0.28815064,0.7000816,0.21249783,0.22998823
0.30509365,0.7488043,0.7923021,0.29265526,0.2591227,0.29100454,0.75732476,0.71718657,0.7915356,0.1495791,0.78779566,0.23684743,0.27875343,0.3154413,0.26653954,0.17511028,0.35131907,0.7164766,0.33801544,0.19954373
0.19954354,0.7577941,0.5989796,0.27005434,0.23836106,0.29911166,0.8385441,0.72451055,0.85121244,0.14109676,0.7495028,0.33015436,0.18773693,0.3432536,0.26935813,0.29493648,0.28058064,0.7284092,0.20779534,0.2853474
0.22430219,0.73397434,0.76439774,0.1983344,0.214779,0.30300212,0.79842794,0.81292385,0.67932415,0.29957756,0.7209295,0.24775207,0.31144688,0.33271074,0.20592421,0.2686393,0.19111328,0.7431835,0.35770607,0.3439451
0.2588168,0.7494163,0.79753816,0.25113344,0.1460984,0.2928526,0.695851,0.7500628,0.78786504,0.2990505,0.6663161,0.2391938,0.25830168,0.24786028,0.24970789,0.29967183,0.27086264,0.70524776,0.34364027,0.17849812
0.2904589,0.78850794,0.7896189,0.27155086,0.14492059,0.28749162,0.7399158,0.7241807,0.72039264,0.21864137,0.7807574,0.21943401,0.20790091,0.30870762,0.2128788,0.2599783,0.31978804,0.7395932,0.2737775,0.21160105
0.31021568,0.74977535,0.775765,0.18888327,0.2428221,0.19826342,0.7004925,0.78801596,0.7631387,0.26706195,0.7775802,0.18947853,0.28631836,0.25946352,0.20100188,0.347425,0.27610335,0.7572746,0.19108726,0.23775645
0.25514567,0.7289571,0.7318903,0.2751154,0.19331989,0.25264204,0.7216235,0.7182242,0.79825014,0.34204778,0.79013205,0.21489565,0.33252648,0.18719472,0.20504752,0.29137897,0.2533024,0.7287839,0.2272248,0.15385354
0.24124655,0.75746673,0.6678189,0.21745901,0.23146571,0.23824711,0.8356536,0.7843982,0.7433886,0.19437514,0.74189997,0.25059962,0.21484488,0.19059551,0.32635695,0.2563461,0.24101035,0.7795341,0.23700641,0.17877828
0.29638246,0.7919656,0.7375845,0.1994642,0.14275055,0.1947828,0.70883846,0.71851677,0.78840405,0.31466824,0.68981266,0.24989986,0.32617664,0.33543482,0.2409966,0.26621407,0.2550737,0.78668404,0.28136674,0.28301084
0.25494742,0.67241514,0.7534459,0.1952399,0.26995096,0.31270337,0.76216155,0.70302576,0.7139675,0.25387278,0.76233864,0.3269582,0.22761098,0.17675897,0.18277392,0.2737111,0.26617774,0.8496669,0.34978113,0.20521416
0.23714118,0.64189804,0.74206096,0.23343629,0.21721858,0.26554146,0.7480153,0.8046656,0.7515126,0.29970437,0.704344,0.23030852,0.26773995,0.34656417,0.31794426,0.2995978,0.2328894,0.8415108,0.33553684,0.24471797
0.20384388,0.85292464,0.7925531,0.2287228,0.2884959,0.26330292,0.7194592,0.71800405,0.8088174,0.18174568,0.7442613,0.31813675,0.2387093,0.2707542,0.24566434,0.27167535,0.2814027,0.76687604,0.3241197,0.30896866
0.19827166,0.7476096,0.63411295,0.20955536,0.21660338,0.24451435,0.7586039,0.75701874,0.82469064,0.30074835,0.7711343,0.2833408,0.30213284,0.23937546,0.27573228,0.17636257,0.22360148,0.6419981,0.23682582,0.21324602
0.25176352,0.7790972,0.78384817,0.16864377,0.25317875,0.29131368,0.7656523,0.7802722,0.702965,0.39886814,0.774513,0.2577499,0.14788708,0.30702147,0.2339542,0.15222406,0.30508527,0.7424864,0.22241792,0.22501034
0.41423255,0.71904606,0.7349974,0.26992598,0.26299295,0.266973,0.71197915,0.76215434,0.68926096,0.257088,0.7481275,0.33630285,0.1488153,0.31998307,0.22758967,0.24506089,0.2704923,0.76958907,0.30488813,0.33762676
0.19618088,0.7736414,0.70546854,0.2983867,0.33523917,0.2049496,0.8234664,0.71369815,0.7409022,0.2654232,0.7973519,0.30435333,0.22722125,0.29023504,0.23679169,0.25400507,0.19026281,0.7160118,0.20586458,0.25966394
0.36116678,0.748587,0.7781408,0.26645252,0.28368464,0.3161061,0.7464234,0.6673852,0.7548076,0.31797564,0.75376403,0.26577336,0.18372059,0.25650108,0.25759864,0.20466965,0.29660338,0.76853186,0.25721213,0.21345927
0.15710813,0.73544496,0.74279994,0.28587288,0.2577247,0.2907985,0.81080765,0.72200245,0.73532903,0.2583232,0.7040756,0.33290297,0.17097911,0.2132824,0.33266094,0.21009679,0.292543,0.7508713,0.22921205,0.294722
0.40556276,0.7527212,0.78802913,0.16246048,0.230482,0.23746184,0.7959699,0.74018764,0.72866046,0.20186678,0.71214324,0.28250024,0.25995576,0.20307729,0.15278137,0.1356748,0.25067618,0.6584911,0.16229492,0.12947707
0.16151747,0.740144,0.64572686,0.2968977,0.34191185,0.16707498,0.7317178,0.7866602,0.7378666,0.31300426,0.7778705,0.16807187,0.34317106,0.2830836,0.26264465,0.24192369,0.30744037,0.762015,0.20624334,0.32132143
0.23177546,0.7329918,0.78485227,0.24336846,0.3447954,0.20149282,0.82264125,0.7144291,0.70423895,0.28858006,0.80576324,0.24059044,0.36213407,0.24266738,0.23851998,0.1791693,0.2991525,0.7896083,0.27533424,0.33584338
0.24816585,0.7613419,0.8182333,0.33412445,0.2526422,0.253882,0.7602461,0.8321471,0.7272855,0.25381383,0.8256807,0.25201523,0.27579954,0.20750353,0.21432579,0.20969996,0.26690733,0.8522038,0.12078276,0.22310184
0.26632473,0.68845516,0.7672185,0.22427337,0.15683642,0.24091995,0.6943476,0.7768189,0.6818115,0.2786021,0.7409856,0.34334028,0.22681575,0.29429826,0.30226204,0.24398288,0.3323634,0.7011412,0.25607154,0.30334556
0.22007143,0.7160873,0.747307,0.14862895,0.33841318,0.3343091,0.7885551,0.7356988,0.7460711,0.3306477,0.76604635,0.3474655,0.22680052,0.23570931,0.27691463,0.18987942,0.25891975,0.76851356,0.24272671,0.21909823
0.22739232,0.76829493,0.77925265,0.22320634,0.25977108,0.17934412,0.7883013,0.6999581,0.7658932,0.20704016,0.7621052,0.27764732,0.1852574,0.30208874,0.15981561,0.30215284,0.1415661,0.7407045,0.21967122,0.24257194
0.24414398,0.7704382,0.7761588,0.20862016,0.20919868,0.14641385,0.8441071,0.77828646,0.7222112,0.29863766,0.6627409,0.198931,0.21923326,0.17745721,0.27753508,0.2545552,0.28314522,0.77570575,0.1918526,0.19436985
0.21632433,0.7537799,0.7042203,0.26526356,0.2155811,0.14704011,0.7364337,0.78092897,0.70462424,0.28973502,0.76746243,0.19195524,0.2599653,0.19266175,0.22236423,0.23157716,0.2547576,0.7374952,0.19642347,0.229003
0.32215586,0.70483106,0.7963967,0.22750494,0.25498855,0.27449635,0.736201,0.7735358,0.7282269,0.26036075,0.724089,0.27751702,0.30992007,0.1938694,0.3053944,0.21559012,0.23530918,0.77560294,0.23878253,0.27391583
0.19411908,0.7228251,0.7881046,0.26447552,0.22303616,0.21597826,0.70948726,0.8074888,0.6984652,0.30058262,0.8172393,0.24493515,0.22580019,0.20311902,0.20607607,0.28331718,0.25466788,0.66783106,0.20572256,0.26998013
0.25675625,0.74035615,0.77043843,0.19144218,0.29844433,0.2637308,0.66776425,0.8088731,0.8220906,0.28906667,0.764555,0.3318408,0.204351,0.21524031,0.29160842,0.21643579,0.15082943,0.79503036,0.28786588,0.2617407
0.2879638,0.8105262,0.7226421,0.21837524,0.19170922,0.27548435,0.7286575,0.7732907,0.7208182,0.30006424,0.7304465,0.33681545,0.18685742,0.28761488,0.24928123,0.3163703,0.27432612,0.81889385,0.25067806,0.21769671
0.30300385,0.7995336,0.78180486,0.33553672,0.25007686,0.23079982,0.7573177,0.7131401,0.8320099,0.35136506,0.7704304,0.24429014,0.15955663,0.28514197,0.26682448,0.27980995,0.3475545,0.6653475,0.31917015,0.22195095
0.23762082,0.7360748,0.7103373,0.26580006,0.25132874,0.27664128,0.6890026,0.7758412,0.73572016,0.26223442,0.6725641,0.33498794,0.32849687,0.13108937,0.20021681,0.23098633,0.2696496,0.6363492,0.24538574,0.2525809
0.2488079,0.7517926,0.6849423,0.32947147,0.3194815,0.21680896,0.7477369,0.8261068,0.7562372,0.30571154,0.7412876,0.21351935,0.34866613,0.21096152,0.24162552,0.17306325,0.26940665,0.7325574,0.27803475,0.2475218
0.16265863,0.6636861,0.7183408,0.3251135,0.21727908,0.21400364,0.8077659,0.70707643,0.77788556,0.31956974,0.7029385,0.2845558,0.18732771,0.28446373,0.21615684,0.22076066,0.28811502,0.693969,0.25100198,0.25784242
0.29539597,0.78953207,0.8484617,0.19993351,0.20565395,0.18616126,0.64585865,0.7131519,0.7257011,0.25742036,0.6882379,0.24135129,0.2651259,0.27689677,0.27243894,0.2630294,0.21110417,0.7474993,0.26035967,0.22323078
0.28820935,0.74718994,0.7390938,0.28687316,0.20989229,0.22644727,0.7139063,0.8440104,0.7659022,0.24262102,0.7575243,0.25759605,0.29370108,0.113489285,0.19033344,0.19122338,0.25770187,0.77573097,0.26717725,0.21933801
0.23540992,0.7510937,0.71511006,0.22975637,0.21797997,0.30139118,0.7622969,0.73352015,0.69639075,0.19038294,0.79112285,0.20539087,0.24287142,0.14258933,0.2942024,0.2717173,0.24804981,0.7362482,0.27091077,0.31306162
0.23941354,0.7605104,0.68035305,0.28685844,0.19920115,0.16296226,0.76292366,0.7896409,0.73273385,0.28883103,0.6995413,0.20503545,0.23074399,0.2758563,0.2254778,0.15191162,0.26866043,0.6894385,0.33856258,0.23223963
0.21761926,0.7849698,0.7280049,0.26188788,0.20451213,0.32760996,0.79513544,0.6875697,0.71153355,0.21916923,0.77277637,0.11512901,0.2538563,0.24161983,0.24992995,0.23431319,0.29775557,0.80009836,0.29515463,0.20512629
0.25007161,0.7499988,0.7604802,0.3301264,0.14133899,0.26426092,0.78268236,0.71620655,0.7223247,0.28443068,0.7396208,0.26020962,0.22708707,0.19983369,0.3017465,0.2306862,0.27658322,0.7572054,0.25337678,0.2822318
0.20848054,0.765178,0.84770167,0.21788964,0.26792285,0.28139523,0.735547,0.79120857,0.67863375,0.30481806,0.7383568,0.20134285,0.287513,0.24375819,0.22155294,0.2412497,0.2472066,0.792068,0.30131924,0.1733003
0.26795274,0.77161664,0.66074073,0.27310485,0.19116601,0.290865,0.6756493,0.83035225,0.7752111,0.19286278,0.70629096,0.2856077,0.25788876,0.19024517,0.20321766,0.20792575,0.19718245,0.80318594,0.25886,0.1873971
0.26971382,0.85151964,0.8091684,0.23220779,0.21441476,0.28703237,0.7926433,0.81343514,0.78338677,0.20677535,0.7403271,0.24216685,0.3169476,0.23245673,0.23348738,0.27164474,0.21269293,0.786776,0.23583858,0.31038767
0.29023364,0.6976729,0.7584399,0.2414454,0.27435085,0.23091929,0.8424811,0.7540241,0.7318959,0.20795688,0.7479611,0.21764323,0.25606117,0.25792718,0.23058236,0.17672437,0.2991333,0.8283591,0.22363159,0.34492806
0.21432744,0.8936203,0.7545798,0.16887325,0.15130714,0.20334527,0.8095987,0.75912833,0.78004295,0.2711166,0.70248264,0.3690654,0.25655138,0.24726856,0.21116789,0.3249815,0.15365016,0.77331483,0.26828262,0.22680679
0.2440462,0.81851304,0.7879925,0.27082416,0.2103118,0.26204485,0.82069856,0.7602569,0.70706606,0.27233702,0.8108083,0.3242656,0.25531673,0.2626354,0.2682324,0.3103771,0.18205398,0.7760348,0.29433036,0.25819114
0.27901456,0.7868508,0.71096295,0.34146747,0.23536023,0.21831636,0.7406296,0.8146699,0.77983886,0.23377946,0.68394375,0.32229653,0.23694107,0.26286513,0.34207734,0.25069827,0.2674105,0.59386057,0.19880351,0.20148998
0.19648202,0.74654555,0.66604304,0.26106003,0.24426648,0.22167209,0.7552249,0.63870096,0.81027806,0.2406444,0.7150899,0.30308378,0.17230487,0.23618905,0.15915653,0.3069837,0.19065756,0.7769016,0.21766937,0.22009338
0.28067392,0.7094314,0.76131505,0.27798232,0.15261903,0.23459145,0.684291,0.77646834,0.7471455,0.20727514,0.7617081,0.23540238,0.18033388,0.2196221,0.19091274,0.30511567,0.2370898,0.75677466,0.29343763,0.33239013
0.2445177,0.71937644,0.72391534,0.31679803,0.28085077,0.2642488,0.6993126,0.7468421,0.7307065,0.19730341,0.7642041,0.2877382,0.32708424,0.2681763,0.2775721,0.23086894,0.16445357,0.7504714,0.2693916,0.32357824
0.24092591,0.73648643,0.75933415,0.2731301,0.23306642,0.24578048,0.65716434,0.6895089,0.72152746,0.29798284,0.7107236,0.25511253,0.1983816,0.2806071,0.24385385,0.24915406,0.25821435,0.778369,0.26733208,0.2895428
0.17520311,0.7502677,0.67383707,0.27623814,0.25256667,0.22589976,0.7581693,0.78855884,0.75468594,0.24200052,0.7494042,0.20071045,0.27180025,0.3832463,0.22813615,0.3559079,0.21849793,0.77554476,0.3221056,0.2731278
0.3209674,0.79387546,0.7827183,0.3020748,0.329242,0.3200494,0.735323,0.69501173,0.72784024,0.25966084,0.8298444,0.20134552,0.16229278,0.2574497,0.2325442,0.22208178,0.24943575,0.7721336,0.24373959,0.26992288
0.23131633,0.7053328,0.7411975,0.15145041,0.23409897,0.26850206,0.78645545,0.7458472,0.68839216,0.29193413,0.7941592,0.19020939,0.30788502,0.23533024,0.2809651,0.26667863,0.24869372,0.7674713,0.27543518,0.22856933
0.30399084,0.73190343,0.8506828,0.25795057,0.26618505,0.2886969,0.81442356,0.752479,0.7969526,0.22645421,0.7063581,0.30419853,0.1802831,0.3457092,0.15728769,0.2683664,0.21020617,0.69257605,0.3188026,0.3024316
0.27912626,0.6908484,0.79627436,0.23516552,0.25072986,0.32512808,0.68846154,0.71862125,0.88515586,0.34497303,0.80583996,0.26639077,0.15886542,0.18751545,0.26418355,0.2974616,0.2191384,0.69491774,0.22213995,0.27099973
0.19974722,0.71943533,0.7742597,0.19555259,0.16013762,0.29217294,0.6932621,0.7750349,0.818344,0.19420359,0.80167013,0.29971713,0.30149353,0.210794,0.31519476,0.2926476,0.25493705,0.72972167,0.32879686,0.23824926
0.30901706,0.79616207,0.7374281,0.2869416,0.27138403,0.27412006,0.7575304,0.7895636,0.77398074,0.22892833,0.7499258,0.22790372,0.19208251,0.2743128,0.23026937,0.2239945,0.1402623,0.7582849,0.21477072,0.23266482
0.19593553,0.717977,0.7179215,0.29896846,0.30367327,0.25722748,0.74150723,0.7739951,0.68169266,0.29073855,0.71056783,0.24565159,0.32173797,0.36078557,0.22769013,0.24262172,0.28887212,0.79013497,0.3056467,0.19340923
0.25034624,0.8310717,0.7784612,0.29126686,0.3421343,0.23163125,0.6738364,0.7698843,0.7417635,0.2111886,0.70263064,0.21844673,0.2838847,0.25214934,0.20255195,0.26522863,0.29622346,0.75366724,0.1441124,0.28875107
0.24104604,0.7255645,0.7118543,0.269635,0.25849876,0.30515575,0.7498004,0.73217344,0.71608865,0.26043367,0.73351216,0.22202519,0.18847696,0.2261489,0.20691945,0.22025333,0.2648683,0.7156528,0.22793941,0.24703804
0.25739065,0.7511347,0.8003046,0.3460161,0.29365999,0.23053236,0.7418386,0.796526,0.74639493,0.19009677,0.73685706,0.260337,0.3366432,0.30079243,0.23993565,0.2578942,0.23870195,0.781137,0.22051604,0.2743293
0.27925166,0.7571697,0.7315436,0.2474559,0.18889713,0.17270681,0.87330645,0.748782,0.6729585,0.36517778,0.74548256,0.35484296,0.18770367,0.23330404,0.20609182,0.2909366,0.22391368,0.7587518,0.24045505,0.22834495
0.24131423,0.7772052,0.73073745,0.257018,0.24649112,0.24557002,0.7718943,0.7227398,0.79986465,0.23210216,0.76910084,0.22622633,0.26454002,0.23690394,0.16822869,0.26512,0.33521593,0.8451996,0.24690813,0.1703572
0.21010983,0.79033136,0.836011,0.14091401,0.16639997,0.30046758,0.77832174,0.71000445,0.756274,0.18973699,0.70662653,0.32473603,0.3118749,0.25036776,0.22280908,0.31787473,0.29089844,0.83607894,0.20082389,0.23890424
0.36215547,0.6920693,0.7776596,0.20107834,0.31755254,0.30453122,0.7753116,0.84428906,0.72509086,0.3354573,0.7875503,0.23573056,0.2549862,0.23271565,0.21384808,0.22888467,0.24320614,0.68373096,0.22944105,0.21731678
0.25172538,0.7714285,0.69149595,0.2533775,0.3340402,0.33460486,0.6832961,0.7087439,0.6703597,0.29043138,0.7365088,0.27132902,0.1695981,0.2541775,0.28194872,0.27767324,0.26795745,0.8118848,0.23989055,0.2807844
0.1925465,0.71030164,0.83071095,0.17006207,0.16397472,0.1916771,0.8123375,0.7453528,0.7096292,0.25008965,0.704869,0.26573116,0.2988202,0.23953182,0.28549877,0.21773463,0.3056274,0.7957145,0.27705663,0.19321531
0.27172145,0.7280352,0.7659204,0.23613125,0.24986735,0.24628244,0.7904201,0.735302,0.7279384,0.3087976,0.7801762,0.26287675,0.21228334,0.30631074,0.36620796,0.21971618,0.27191308,0.7618036,0.14919317,0.21574113
0.22658405,0.7411306,0.7331263,0.21683031,0.20617558,0.23368323,0.7427276,0.700873,0.82983357,0.26845834,0.77934444,0.32296914,0.26722533,0.2534297,0.1892842,0.24332234,0.2827,0.7636577,0.26516905,0.22408806
0.20222117,0.7972859,0.64082247,0.27510816,0.21141024,0.2551759,0.6898341,0.80478054,0.8118971,0.17118299,0.74487454,0.22206983,0.3517681,0.27660915,0.27191928,0.17326075,0.19774535,0.66461635,0.2047274,0.19909589
0.26460773,0.8144785,0.680957,0.19637673,0.19783628,0.25228357,0.6704002,0.79429346,0.6999334,0.22522628,0.739818,0.18129206,0.19612879,0.24444002,0.20422594,0.26331526,0.29252756,0.74927217,0.26316822,0.29493457
0.27543485,0.66529787,0.88208586,0.2283083,0.22998784,0.24764982,0.7364204,0.70111036,0.7060032,0.29454193,0.7530273,0.23929526,0.2202449,0.31096557,0.13810223,0.26750705,0.2847167,0.7313471,0.3478218,0.23577696
0.2892716,0.63787997,0.66947657,0.32255334,0.22485474,0.28432944,0.78213537,0.7363963,0.5977875,0.16242097,0.7175818,0.23069158,0.14588349,0.30271408,0.31251186,0.24556123,0.2676622,0.71972704,0.180549,0.2754509
0.17559564,0.7029956,0.70358145,0.29358977,0.21859723,0.23863664,0.7629515,0.7985567,0.7377116,0.20306654,0.7333738,0.17458591,0.19341236,0.18741393,0.26711333,0.28103113,0.19302131,0.74006116,0.21177173,0.24967119
0.22451462,0.6726137,0.77542454,0.16548318,0.2697677,0.27574888,0.7650341,0.8492213,0.6208497,0.16375557,0.86998683,0.23002607,0.28927118,0.30221415,0.25047308,0.3076529,0.15271848,0.7125607,0.25968128,0.29719046
0.23230618,0.64077264,0.7357536,0.32815903,0.2842021,0.21902244,0.68094796,0.7538648,0.7385691,0.28813648,0.75194293,0.34772208,0.3177243,0.2347019,0.2032578,0.36672315,0.2618482,0.73635095,0.24474886,0.25345567
0.22576958,0.7381718,0.7592915,0.24511997,0.22839496,0.25477624,0.7313253,0.71482384,0.6747428,0.10272649,0.6920645,0.18397444,0.22874257,0.280942,0.16381167,0.3068368,0.22098935,0.71580637,0.17092238,0.19624001
0.2665396,0.7577997,0.7710415,0.22429675,0.24871114,0.24675827,0.74160874,0.7792703,0.8054311,0.22485068,0.6975541,0.18409297,0.26850766,0.2518407,0.2306127,0.27297112,0.27765605,0.77112854,0.25910452,0.33582512
0.23783444,0.68176377,0.7365103,0.19581613,0.24553551,0.3014145,0.7464586,0.7585417,0.765233,0.33992296,0.74316406,0.30496335,0.2600794,0.2643049,0.3498882,0.28515738,0.24315117,0.704419,0.2911206,0.21874663
0.24449791,0.7202902,0.7347329,0.16078392,0.1941835,0.22503689,0.7627506,0.75147897,0.72107035,0.27128538,0.7126121,0.18379512,0.22060266,0.27285585,0.24536857,0.29820558,0.2986368,0.7196211,0.21606815,0.22020467
0.29671973,0.6800338,0.7604999,0.2490349,0.31319252,0.25826293,0.72275937,0.66420084,0.7878911,0.25160563,0.8395729,0.20981714,0.23867522,0.29015058,0.17174426,0.23111013,0.34432727,0.96185654,0.27969676,0.1655783
0.27891362,0.7940661,0.75074494,0.25974533,0.30953386,0.2483457,0.76027805,0.65039885,0.835345,0.19955516,0.73776424,0.24386357,0.27951375,0.29397008,0.21719627,0.25252703,0.20219274,0.78508526,0.25644246,0.2462927
0.25693867,0.766265,0.7243745,0.24980794,0.25851125,0.22185577,0.8115957,0.82864326,0.7251894,0.31962028,0.69513464,0.26883444,0.21408923,0.25867406,0.2681707,0.23098266,0.30845466,0.7688651,0.20817305,0.21823232
0.21003316,0.7437668,0.7309566,0.23870547,0.27388275,0.2274206,0.6094419,0.6701222,0.762086,0.24745265,0.69379586,0.24140614,0.26909408,0.29800233,0.29168352,0.25665867,0.28041834,0.8272394,0.28339309,0.2530062
0.22089511,0.71480066,0.6623477,0.26802236,0.22318248,0.2649784,0.769643,0.78051406,0.79010075,0.39834327,0.7230917,0.21974032,0.23244746,0.30782413,0.29003358,0.17774579,0.30214825,0.7842217,0.20390926,0.24193579
