701,424,488
702,372,381
703,417,491
704,618,619
705,562,580
706,342,364
707,228,292
708,506,517
709,588,599
710,616,688
711,254,261
712,103,149
713,41,47
714,351,358
715,30,31
716,34,63
717,541,554
718,133,182
719,36,40
720,278,286
721,416,489
722,620,656
723,160,176
724,579,600
725,431,496
726,249,284
727,347,353
728,388,391
729,514,522
730,450,482
731,644,664
732,13,35
733,630,633
734,403,463
735,404,423
736,212,229
737,410,498
738,502,515
739,511,558
740,532,557
741,315,340
742,11,88
743,138,157
744,17,81
745,311,386
746,703,467
747,710,634
748,256,291
749,373,383
750,313,387
751,164,179
752,126,174
753,29,53
754,629,632
755,531,596
756,453,485
757,459,490
758,603,637
759,509,593
760,456,479
761,325,349
762,673,685
763,304,398
764,516,581
765,409,448
766,120,152
767,714,309
768,683,684
769,437,440
770,115,153
771,253,268
772,464,465
773,310,326
774,744,12
775,124,141
776,709,536
777,405,438
778,738,708
779,549,555
780,623,655
781,521,545
782,520,528
783,173,185
784,213,294
785,48,66
786,547,565
787,314,365
788,733,615
789,652,695
790,117,166
791,5,22
792,518,519
793,631,687
794,280,299
795,654,665
796,742,56
797,401,487
798,328,344
799,422,432
800,214,224
801,233,265
802,725,414
803,622,657
804,61,79
805,223,250
806,621,666
807,529,569
808,713,94
809,111,200
810,352,359
811,552,578
812,147,171
813,643,682
814,766,178
815,746,483
816,211,297
817,425,428
818,764,570
819,762,676
820,172,191
821,745,360
822,16,46
823,110,130
824,146,168
825,202,221
826,712,139
827,481,492
828,734,493
829,411,495
830,132,181
831,475,500
832,86,95
833,307,394
834,711,285
835,728,400
836,242,274
837,642,647
838,15,57
839,765,434
840,2,99
841,648,668
842,219,293
843,763,341
844,508,584
845,23,84
846,680,681
847,542,573
848,751,718
849,628,690
850,306,312
851,538,576
852,793,663
853,727,376
854,18,90
855,701,444
856,447,449
857,109,122
858,305,361
859,443,460
860,170,175
861,756,436
862,106,158
863,230,283
864,735,462
865,747,671
866,649,667
867,240,290
868,125,186
869,804,732
870,614,675
871,332,384
872,785,10
873,429,484
874,67,76
875,753,28
876,323,367
877,355,382
878,863,275
879,750,395
880,567,592
881,602,696
882,761,393
883,334,356
884,624,651
885,719,58
886,706,336
887,816,726
888,216,248
889,778,776
890,190,197
891,792,740
892,575,594
893,112,151
894,641,677
895,350,374
896,800,243
897,316,377
898,795,780
899,822,26
900,686,700
901,839,480
902,27,65
903,617,645
904,1,14
905,150,189
906,798,345
907,357,399
908,260,262
909,848,102
910,720,259
911,824,140
912,731,679
913,470,494
914,782,583
915,472,478
916,821,378
917,705,568
918,636,699
919,774,69
920,786,582
921,366,385
922,507,533
923,828,827
924,872,59
925,757,439
926,925,797
927,844,544
928,674,697
929,128,143
930,893,723
931,801,794
932,9,89
933,887,222
934,803,605
935,834,295
936,237,300
937,843,741
938,653,672
939,866,754
940,879,333
941,898,788
942,917,759
943,707,258
944,105,198
945,783,119
946,796,716
947,25,87
948,894,678
949,402,466
950,114,137
951,775,770
952,811,512
953,670,691
954,771,207
955,108,144
956,789,612
957,805,252
958,50,72
959,755,572
960,831,457
961,724,513
962,874,715
963,767,337
964,368,392
965,206,225
966,864,760
967,442,445
968,919,70
969,860,113
970,808,8
971,897,773
972,187,199
973,815,730
974,162,184
975,885,869
976,826,163
977,833,749
978,891,717
979,566,574
980,208,217
981,877,379
982,769,476
983,911,116
984,232,269
985,875,37
986,52,54
987,772,420
988,880,818
989,813,606
990,421,486
991,928,609
992,865,669
993,308,335
994,270,272
995,856,454
996,852,601
997,881,639
998,205,255
999,899,62
1000,613,692
1001,933,784
1002,203,296
1003,640,659
1004,537,571
1005,790,121
1006,807,591
1007,413,461
1008,407,455
1009,876,348
1010,902,98
1011,736,247
1012,845,4
1013,1006,847
1014,973,923
1015,915,721
1016,862,135
1017,840,38
1018,702,318
1019,996,658
1020,820,159
1021,458,469
1022,914,559
1023,855,802
1024,1010,44
1025,926,446
1026,830,192
1027,906,886
1028,951,857
1029,889,779
1030,809,752
1031,918,884
1032,963,835
1033,739,505
1034,812,101
1035,320,375
1036,977,354
1037,988,781
1038,930,134
1039,799,451
1040,548,564
1041,530,543
1042,934,694
1043,131,156
1044,920,527
1045,984,220
1046,959,851
1047,924,33
1048,975,854
1049,1030,167
1050,129,165
1051,1003,849
1052,937,853
1053,768,689
1054,940,787
1055,80,92
1056,1001,226
1057,263,276
1058,1047,946
1059,892,561
1060,1037,546
1061,878,298
1062,901,473
1063,1025,861
1064,909,868
1065,836,215
1066,989,650
1067,1029,978
1068,1017,91
1069,992,698
1070,955,177
1071,958,82
1072,21,93
1073,838,20
1074,943,235
1075,1062,777
1076,1038,969
1077,1004,550
1078,1002,935
1079,968,904
1080,931,210
1081,832,791
1082,883,338
1083,842,287
1084,942,597
1085,758,627
1086,976,823
1087,319,362
1088,1080,888
1089,858,397
1090,1031,912
1091,1027,981
1092,148,180
1093,979,729
1094,1023,1015
1095,238,266
1096,941,903
1097,1056,267
1098,970,51
1099,1032,882
1100,927,540
1101,1069,819
1102,806,704
1103,1018,916
1104,829,427
1105,748,236
1106,967,873
1107,987,499
1108,966,817
1109,1063,1014
1110,1067,961
1111,825,288
1112,127,196
1113,161,194
1114,1054,971
1115,123,193
1116,1046,553
1117,962,6
1118,1019,837
1119,231,277
1120,426,441
1121,997,722
1122,1064,107
1123,60,74
1124,991,638
1125,1110,1060
1126,1058,19
1127,1086,1050
1128,1101,604
1129,201,271
1130,1011,867
1131,406,468
1132,1009,324
1133,859,415
1134,974,183
1135,953,841
1136,1024,32
1137,850,343
1138,1044,922
1139,1075,960
1140,1005,890
1141,1097,896
1142,947,43
1143,1048,985
1144,944,155
1145,1070,1016
1146,1022,539
1147,1021,477
1148,964,330
1149,1096,1042
1150,1099,1052
1151,83,100
1152,1045,289
1153,939,938
1154,1082,895
1155,998,980
1156,913,408
1157,1055,97
1158,1078,908
1159,1122,1076
1160,209,245
1161,1088,1065
1162,1131,982
1163,1094,990
1164,1150,1036
1165,1126,1081
1166,1106,737
1167,1034,142
1168,846,693
1169,1090,661
1170,1109,433
1171,1028,1020
1172,1105,994
1173,1152,1141
1174,1093,577
1175,1061,910
1176,929,814
1177,956,608
1178,503,526
1179,204,241
1180,1100,1084
1181,218,273
1182,993,303
1183,1013,952
1184,1153,662
1185,1136,1117
1186,1138,534
1187,1125,504
1188,1165,999
1189,945,743
1190,1164,1091
1191,1158,1083
1192,1149,1128
1193,1187,1180
1194,1108,1039
1195,412,435
1196,1135,1118
1197,1170,1163
1198,1132,1103
1199,1143,1079
1200,510,585
1201,1196,1085
1202,524,598
1203,1068,1012
1204,932,78
1205,154,169
1206,1159,983
1207,921,871
1208,965,957
1209,1102,1053
1210,1098,64
1211,1127,1049
1212,1077,523
1213,1188,71
1214,1041,590
1215,1043,145
1216,1137,389
1217,1167,1144
1218,1129,281
1219,556,587
1220,1161,257
1221,1206,1171
1222,1121,1000
1223,1173,954
1224,1203,1151
1225,1183,1174
1226,1175,264
1227,1213,1073
1228,1193,1116
1229,1190,1114
1230,905,188
1231,1177,660
1232,1197,1162
1233,1087,369
1234,1184,1066
1235,1223,1191
1236,1227,42
1237,1228,1146
1238,611,646
1239,1199,1185
1240,1195,1139
1241,371,390
1242,1156,418
1243,1189,1026
1244,1169,948
1245,1176,1112
1246,1166,1133
1247,302,380
1248,1211,195
1249,346,363
1250,986,49
1251,1201,1192
1252,1210,45
1253,1157,75
1254,1072,3
1255,1186,1033
1256,1240,1232
1257,1202,501
1258,1130,1095
1259,1245,1221
1260,1207,331
1261,1248,1230
1262,949,474
1263,1255,1237
1264,1220,1074
1265,1229,1154
1266,1145,972
1267,1226,1208
1268,1148,329
1269,1247,321
1270,1251,1234
1271,1124,1051
1272,810,301
1273,1182,1035
1274,7,24
1275,1256,1194
1276,1235,1111
1277,1147,452
1278,1239,1236
1279,1217,1140
1280,1209,870
1281,1241,339
1282,1179,279
1283,1263,1059
1284,1278,1252
1285,1168,635
1286,1057,282
1287,1265,1198
1288,1231,900
1289,1283,1225
1290,1264,1155
1291,1261,1259
1292,1275,995
1293,1172,239
1294,1270,1244
1295,1290,1276
1296,1120,497
1297,1287,907
1298,1215,1115
1299,1258,227
1300,1214,560
1301,610,625
1302,1242,471
1303,1249,1089
1304,1266,1243
1305,1284,1224
1306,1268,317
1307,1292,1107
1308,1216,322
1309,1294,1280
1310,1307,1246
1311,1212,586
1312,1040,525
1313,1119,936
1314,1291,1279
1315,1271,1222
1316,1295,1267
1317,1205,1092
1318,1309,1288
1319,1071,73
1320,1310,1104
1321,1303,1297
1322,1314,1304
1323,1305,1142
1324,1321,1273
1325,1320,1008
1326,39,96
1327,1218,244
1328,1318,1315
1329,1322,1134
1330,1311,1289
1331,1324,1306
1332,1316,1299
1333,1331,1260
1334,1178,589
1335,1330,1257
1336,1272,1269
1337,1254,1250
1338,1325,1262
1339,1332,1293
1340,1338,1007
1341,1335,1312
1342,1337,1323
1343,1333,1308
1344,1296,430
1345,1300,1219
1346,1340,1302
1347,1181,1160
1348,1342,1319
1349,1329,1113
1350,1233,370
1351,1281,327
1352,1341,1200
1353,1204,77
1354,1346,1277
1355,1328,1285
1356,1352,1334
1357,1339,1313
1358,1350,1343
1359,1358,1336
1360,1349,1317
1361,104,118
1362,1355,1238
1363,1348,1253
1364,1357,1282
1365,1359,1351
1366,1364,1347
1367,1356,1345
1368,1362,1301
1369,1360,1298
1370,1363,1353
1371,1369,950
1372,1286,234
1373,1354,1344
1374,1367,535
1375,1366,246
1376,1373,419
1377,1374,551
1378,1377,563
1379,1370,1326
1380,1375,1372
1381,1379,1123
1382,1368,626
1383,1381,68
1384,1380,1327
1385,1383,1274
1386,1384,251
1387,1371,1361
1388,1385,85
1389,1382,607
1390,1387,136
1391,1378,595
1392,1365,396
1393,1388,55
1394,1392,1386
1395,1394,1390
1396,1391,1376
1397,1395,1389
