501,309,312
502,422,493
503,201,230
504,113,153
505,333,359
506,5,70
507,461,466
508,237,255
509,228,278
510,126,142
511,346,355
512,74,86
513,156,197
514,260,281
515,406,498
516,21,65
517,381,397
518,164,167
519,501,385
520,131,165
521,27,64
522,210,299
523,302,319
524,269,272
525,148,184
526,206,231
527,122,196
528,445,460
529,438,455
530,112,138
531,414,459
532,207,295
533,118,147
534,430,481
535,115,146
536,327,369
537,63,66
538,119,129
539,321,354
540,137,139
541,140,192
542,221,244
543,521,25
544,368,394
545,450,473
546,32,33
547,16,23
548,42,99
549,169,190
550,136,183
551,213,279
552,314,390
553,502,410
554,417,442
555,48,76
556,252,258
557,4,92
558,477,482
559,2,11
560,220,268
561,519,344
562,248,297
563,549,195
564,555,39
565,46,61
566,405,489
567,53,59
568,504,185
569,151,171
570,511,377
571,245,287
572,285,296
573,208,267
574,535,150
575,22,69
576,28,91
577,80,89
578,306,393
579,265,291
580,516,7
581,310,335
582,509,239
583,202,224
584,30,82
585,340,350
586,105,168
587,217,280
588,536,313
589,540,180
590,532,222
591,514,294
592,311,316
593,271,289
594,320,349
595,506,71
596,544,334
597,243,264
598,13,85
599,345,364
600,219,259
601,528,500
602,435,449
603,513,145
604,545,478
605,547,512
606,515,453
607,246,273
608,462,486
609,434,456
610,517,396
611,437,469
612,35,72
613,454,479
614,329,399
615,416,440
616,606,491
617,446,464
618,323,388
619,383,400
620,111,174
621,550,127
622,101,121
623,518,179
624,348,387
625,556,261
626,590,283
627,270,282
628,238,284
629,588,315
630,582,254
631,29,52
632,529,418
633,620,189
634,573,508
635,615,458
636,587,522
637,530,103
638,256,288
639,551,262
640,569,124
641,336,386
642,83,90
643,403,419
644,560,503
645,603,178
646,56,100
647,571,215
648,409,447
649,524,253
650,420,433
651,304,395
652,109,163
653,595,14
654,605,98
655,616,402
656,330,384
657,471,492
658,613,554
659,592,351
660,110,143
661,432,472
662,548,73
663,411,474
664,612,543
665,594,391
666,120,155
667,17,88
668,546,78
669,444,496
670,144,175
671,577,47
672,568,158
673,443,490
674,633,107
675,372,375
676,531,494
677,565,54
678,622,563
679,203,286
680,152,193
681,476,487
682,114,182
683,609,451
684,586,510
685,542,263
686,667,564
687,212,226
688,626,526
689,18,84
690,307,378
691,628,229
692,589,160
693,559,19
694,570,337
695,211,251
696,429,436
697,234,240
698,584,557
699,661,499
700,593,277
701,632,431
702,670,198
703,539,505
704,176,191
705,581,331
706,533,159
707,425,439
708,128,200
709,644,630
710,634,579
711,658,534
712,9,20
713,611,553
714,657,507
715,538,161
716,627,591
717,619,585
718,108,194
719,45,50
720,308,322
721,624,599
722,618,610
723,694,370
724,598,67
725,343,382
726,24,81
727,578,357
728,671,646
729,583,233
730,713,617
731,209,214
732,363,398
733,659,325
734,693,653
735,625,562
736,428,495
737,602,424
738,635,413
739,3,31
740,645,574
741,379,380
742,10,37
743,686,662
744,666,177
745,576,537
746,157,162
747,710,235
748,711,457
749,572,218
750,685,216
751,655,441
752,703,665
753,339,358
754,552,356
755,525,172
756,642,34
757,678,623
758,580,97
759,663,608
760,640,117
761,604,480
762,743,654
763,629,561
764,683,648
765,401,452
766,719,43
767,326,361
768,727,317
769,709,647
770,736,650
771,729,649
772,596,303
773,684,141
774,734,60
775,338,360
776,740,672
777,541,199
778,776,621
779,706,527
780,698,664
781,677,68
782,737,558
783,695,687
784,656,374
785,751,714
786,720,371
787,639,223
788,679,600
789,731,638
790,123,149
791,771,636
792,575,87
793,772,763
794,760,692
795,55,96
796,674,166
797,707,427
798,688,607
799,717,373
800,747,292
801,463,475
802,735,227
803,780,756
804,26,57
805,725,705
806,757,102
807,204,242
808,748,673
809,728,724
810,702,637
811,715,125
812,758,712
813,754,328
814,785,467
815,341,366
816,738,465
817,753,733
818,205,241
819,669,601
820,708,132
821,676,415
822,675,352
823,769,716
824,762,8
825,689,631
826,566,468
827,796,773
828,36,94
829,342,365
830,808,696
831,798,750
832,651,392
833,813,752
834,797,408
835,761,759
836,749,236
837,809,774
838,597,276
839,820,660
840,104,181
841,697,691
842,784,732
843,766,38
844,77,95
845,802,266
846,786,690
847,745,1
848,811,652
849,806,777
850,841,791
851,721,641
852,831,823
853,767,722
854,792,668
855,643,484
856,819,730
857,741,523
858,700,290
859,225,298
860,794,744
861,567,93
862,824,803
863,836,789
864,799,793
865,739,726
866,51,79
867,827,778
868,812,781
869,787,783
870,833,817
871,770,423
872,790,746
873,41,58
874,106,173
875,835,830
876,862,837
877,775,768
878,704,154
879,864,614
880,807,293
881,867,810
882,680,135
883,12,15
884,701,699
885,853,723
886,825,6
887,856,821
888,860,755
889,852,249
890,850,845
891,877,832
892,869,250
893,801,448
894,878,849
895,859,257
896,834,764
897,875,782
898,815,332
899,891,362
900,885,822
901,889,788
902,795,44
903,876,843
904,890,800
905,884,421
906,816,814
907,903,868
908,872,520
909,881,840
910,879,353
911,904,901
912,906,855
913,900,870
914,232,275
915,857,305
916,907,847
917,909,888
918,846,347
919,779,682
920,826,412
921,910,851
922,905,896
923,916,854
924,912,887
925,404,485
926,839,116
927,911,858
928,805,324
929,919,894
930,861,804
931,924,897
932,921,913
933,866,49
934,929,917
935,927,863
936,426,470
937,923,865
938,40,75
939,873,828
940,133,186
941,893,681
942,931,922
943,882,718
944,932,842
945,937,62
946,880,300
947,935,892
948,928,899
949,895,818
950,934,848
951,926,874
952,948,944
953,930,844
954,918,376
955,950,908
956,940,130
957,945,902
958,949,947
959,954,952
960,942,920
961,957,886
962,960,765
963,961,883
964,963,933
965,959,915
966,951,134
967,962,871
968,958,247
969,966,955
970,967,941
971,968,946
972,965,898
973,964,953
974,973,939
975,971,838
976,969,943
977,301,367
978,976,188
979,974,742
980,975,914
981,979,938
982,980,274
983,977,972
984,970,925
985,978,956
986,984,497
987,936,488
988,983,829
989,988,318
990,987,986
991,989,389
992,990,407
993,985,187
994,992,483
995,993,170
996,995,982
997,991,981
