701,299,358
702,302,348
703,527,600
704,5,22
705,140,165
706,428,456
707,230,378
708,211,214
709,215,315
710,217,326
711,216,284
712,19,29
713,346,368
714,702,375
715,325,383
716,233,388
717,507,511
718,15,44
719,418,474
720,467,483
721,249,264
722,229,316
723,604,628
724,201,301
725,112,178
726,615,620
727,532,567
728,465,486
729,276,353
730,41,56
731,133,158
732,279,341
733,261,387
734,251,367
735,223,311
736,266,381
737,508,526
738,611,663
739,160,176
740,416,420
741,213,267
742,295,310
743,713,242
744,80,97
745,546,558
746,680,681
747,657,686
748,603,641
749,292,374
750,287,351
751,122,191
752,709,298
753,729,352
754,413,421
755,318,362
756,257,373
757,224,241
758,506,594
759,437,492
760,519,536
761,150,169
762,614,647
763,610,634
764,349,393
765,429,484
766,674,690
767,703,591
768,716,355
769,648,654
770,225,293
771,715,356
772,43,70
773,248,307
774,32,83
775,103,108
776,359,376
777,382,398
778,757,296
779,644,670
780,637,655
781,636,684
782,759,455
783,40,58
784,37,92
785,126,183
786,517,586
787,522,579
788,419,463
789,726,672
790,204,340
791,742,255
792,738,675
793,619,666
794,239,332
795,364,397
796,27,61
797,143,196
798,406,440
799,717,557
800,638,676
801,631,633
802,253,343
803,246,370
804,268,272
805,297,304
806,537,588
807,127,135
808,453,491
809,162,184
810,477,489
811,259,344
812,705,185
813,566,577
814,617,656
815,724,202
816,105,148
817,691,694
818,446,475
819,175,195
820,270,360
821,613,683
822,205,275
823,777,212
824,410,443
825,704,98
826,552,589
827,137,172
828,464,481
829,562,580
830,741,219
831,289,339
832,602,679
833,235,313
834,220,334
835,16,18
836,192,194
837,736,323
838,243,309
839,735,240
840,130,188
841,706,459
842,505,575
843,673,700
844,324,330
845,701,400
846,170,186
847,36,81
848,23,57
849,417,469
850,435,442
851,274,385
852,306,390
853,439,485
854,773,721
855,514,584
856,280,391
857,521,574
858,799,503
859,167,179
860,109,128
861,827,113
862,548,564
863,776,714
864,338,354
865,90,96
866,21,30
867,753,708
868,9,46
869,10,66
870,361,395
871,838,265
872,88,89
873,804,707
874,828,728
875,17,75
876,618,626
877,244,256
878,482,500
879,751,181
880,404,451
881,829,727
882,448,498
883,542,553
884,712,47
885,783,718
886,545,582
887,431,434
888,616,671
889,710,285
890,578,592
891,770,371
892,764,733
893,305,389
894,843,623
895,629,643
896,529,573
897,739,152
898,524,565
899,758,549
900,646,698
901,806,518
902,528,559
903,106,177
904,821,789
905,723,640
906,836,120
907,853,490
908,722,337
909,889,312
910,72,82
911,226,357
912,117,136
913,805,207
914,850,424
915,71,77
916,450,493
917,650,665
918,771,363
919,3,52
920,411,458
921,570,585
922,247,321
923,6,51
924,711,342
925,745,547
926,405,408
927,155,173
928,250,320
929,888,748
930,740,432
931,282,366
932,886,534
933,760,599
934,473,494
935,825,26
936,601,678
937,449,454
938,845,822
939,817,682
940,849,422
941,933,596
942,129,163
943,826,568
944,899,767
945,797,775
946,470,496
947,801,639
948,164,199
949,725,144
950,515,555
951,811,231
952,903,146
953,750,262
954,857,502
955,784,42
956,816,200
957,835,28
958,561,571
959,830,386
960,823,743
961,283,303
962,847,772
963,319,380
964,149,171
965,719,478
966,820,227
967,111,187
968,802,749
969,808,720
970,48,95
971,693,696
972,894,677
973,765,447
974,796,84
975,854,210
976,908,768
977,856,329
978,414,499
979,873,755
980,1,14
981,897,153
982,833,228
983,53,86
984,612,695
985,65,73
986,747,622
987,20,74
988,731,168
989,925,513
990,4,91
991,294,335
992,780,667
993,867,851
994,734,238
995,203,263
996,60,64
997,605,630
998,818,401
999,110,119
1000,271,336
1001,403,476
1002,608,699
1003,875,12
1004,909,756
1005,531,544
1006,928,863
1007,979,790
1008,924,913
1009,901,858
1010,881,554
1011,964,189
1012,1008,791
1013,661,664
1014,866,13
1015,950,569
1016,115,159
1017,860,139
1018,412,444
1019,904,814
1020,946,887
1021,870,254
1022,984,635
1023,852,834
1024,907,782
1025,949,879
1026,929,632
1027,308,372
1028,872,94
1029,209,314
1030,874,487
1031,871,333
1032,948,846
1033,114,132
1034,653,659
1035,763,606
1036,754,425
1037,651,668
1038,926,409
1039,985,730
1040,910,869
1041,970,33
1042,865,49
1043,237,350
1044,918,222
1045,927,116
1046,911,794
1047,923,774
1048,779,662
1049,944,787
1050,902,883
1051,885,868
1052,960,392
1053,939,917
1054,328,345
1055,31,79
1056,959,752
1057,914,433
1058,977,795
1059,956,819
1060,762,689
1061,1006,839
1062,932,921
1063,864,258
1064,803,396
1065,151,156
1066,11,50
1067,898,593
1068,744,68
1069,423,479
1070,848,39
1071,935,63
1072,896,813
1073,1017,840
1074,365,369
1075,147,190
1076,930,810
1077,982,968
1078,815,732
1079,997,769
1080,1034,624
1081,993,778
1082,841,461
1083,101,193
1084,878,457
1085,957,35
1086,955,919
1087,1076,436
1088,967,785
1089,991,236
1090,480,488
1091,1025,988
1092,1061,837
1093,509,512
1094,922,844
1095,441,466
1096,945,859
1097,161,182
1098,920,495
1099,1078,1052
1100,1069,462
1101,1005,941
1102,969,940
1103,892,260
1104,107,124
1105,998,916
1106,1030,978
1107,953,269
1108,882,407
1109,1058,245
1110,1056,891
1111,986,972
1112,34,54
1113,992,746
1114,954,890
1115,1077,347
1116,430,497
1117,525,551
1118,952,102
1119,1108,1057
1120,1021,893
1121,976,278
1122,1060,793
1123,1092,1027
1124,861,134
1125,2,85
1126,1048,1019
1127,987,62
1128,1053,947
1129,951,218
1130,1079,792
1131,905,766
1132,1010,504
1133,1114,855
1134,145,180
1135,538,563
1136,781,645
1137,121,166
1138,990,99
1139,884,8
1140,963,399
1141,1007,961
1142,1003,78
1143,1084,438
1144,208,377
1145,1097,906
1146,966,291
1147,1070,962
1148,1083,761
1149,1043,394
1150,737,510
1151,1037,685
1152,1106,468
1153,1044,1004
1154,1046,384
1155,1095,402
1156,221,273
1157,831,206
1158,1026,688
1159,1014,974
1160,1102,965
1161,1064,300
1162,1121,938
1163,1136,1002
1164,942,812
1165,1096,1059
1166,1071,1039
1167,533,550
1168,786,535
1169,1086,983
1170,1012,975
1171,1126,971
1172,1009,595
1173,958,842
1174,621,625
1175,1033,981
1176,1122,876
1177,1101,1049
1178,1158,1080
1179,1031,1023
1180,1135,572
1181,1015,516
1182,1153,1103
1183,1098,472
1184,138,157
1185,1152,1024
1186,1115,1107
1187,1150,943
1188,1051,67
1189,642,658
1190,1085,980
1191,1156,994
1192,832,687
1193,1066,1028
1194,1020,934
1195,1094,931
1196,1013,895
1197,1118,198
1198,824,452
1199,1117,862
1200,1062,581
1201,1055,1047
1202,1093,1050
1203,1045,809
1204,1090,937
1205,1157,1149
1206,1105,1001
1207,1132,576
1208,807,118
1209,1087,1018
1210,1159,1147
1211,1130,1128
1212,1131,800
1213,1181,1167
1214,520,556
1215,1140,1081
1216,609,697
1217,1124,1091
1218,543,560
1219,1038,427
1220,1129,277
1221,1154,995
1222,1116,426
1223,1112,59
1224,1068,7
1225,1109,288
1226,1138,38
1227,1193,1040
1228,1141,1110
1229,1190,1042
1230,523,598
1231,1088,1032
1232,1133,1072
1233,1207,541
1234,1067,989
1235,1165,1145
1236,1185,880
1237,1137,912
1238,1176,652
1239,1082,1036
1240,1182,1099
1241,1200,1172
1242,1228,1162
1243,1227,1041
1244,1164,1011
1245,1214,1202
1246,1035,936
1247,1142,69
1248,1163,1151
1249,1188,1166
1250,1225,1144
1251,1233,1177
1252,1089,322
1253,1160,1155
1254,1179,232
1255,1204,973
1256,1194,798
1257,1074,234
1258,1168,501
1259,1217,1073
1260,1178,1111
1261,1197,1184
1262,877,281
1263,1192,1171
1264,1113,627
1265,1104,141
1266,1206,788
1267,1169,1139
1268,1240,1170
1269,1127,76
1270,1242,1123
1271,123,131
1272,1249,1210
1273,1219,1119
1274,1215,1186
1275,1245,597
1276,607,669
1277,25,87
1278,1161,252
1279,1195,1054
1280,1235,1065
1281,1263,1211
1282,1226,93
1283,1264,900
1284,1273,1143
1285,1239,1183
1286,1238,1022
1287,1278,1254
1288,1209,1100
1289,1234,1213
1290,1221,1000
1291,1134,154
1292,1256,1236
1293,1231,174
1294,1220,286
1295,1175,1016
1296,1244,1203
1297,1196,692
1298,1208,1075
1299,1258,1173
1300,1243,996
1301,1229,915
1302,1251,1232
1303,1275,583
1304,1260,1248
1305,1252,1146
1306,1262,331
1307,1288,445
1308,1280,1259
1309,1272,1201
1310,1270,1191
1311,415,460
1312,1274,1268
1313,1277,1247
1314,1216,1212
1315,1312,1120
1316,1237,1148
1317,1289,1241
1318,1309,1301
1319,1250,379
1320,1265,1261
1321,1292,1266
1322,1293,125
1323,1218,590
1324,1304,649
1325,1308,1295
1326,1267,1223
1327,1297,1281
1328,1306,1279
1329,1189,1174
1330,1187,1180
1331,1307,1285
1332,1310,1305
1333,1327,1324
1334,1326,1300
1335,1283,1246
1336,1284,1255
1337,1253,1222
1338,1311,1198
1339,1317,1302
1340,1287,1205
1341,1315,1290
1342,1320,1298
1343,1276,660
1344,1296,999
1345,1291,1271
1346,1224,24
1347,530,539
1348,1337,1321
1349,1334,1318
1350,1063,1029
1351,1344,1325
1352,1313,1269
1353,1341,1332
1354,1335,1333
1355,1340,1294
1356,1339,1299
1357,1329,1286
1358,1351,1322
1359,1338,1336
1360,1199,540
1361,104,197
1362,1354,1314
1363,1358,1342
1364,1348,1331
1365,1282,1125
1366,1356,1303
1367,1352,1349
1368,1366,1330
1369,1353,1328
1370,290,317
1371,1369,1319
1372,1365,1346
1373,1362,1357
1374,1371,1355
1375,1364,1359
1376,1345,1316
1377,1368,1360
1378,1372,1367
1379,1347,1323
1380,1376,1363
1381,1375,471
1382,1377,1230
1383,1374,1370
1384,1383,1350
1385,1378,45
1386,1373,1343
1387,1384,1257
1388,1380,142
1389,1385,100
1390,1379,587
1391,1389,55
1392,1390,1382
1393,1388,1361
1394,1387,327
1395,1391,1381
1396,1393,1386
1397,1395,1392
