501,355,377
502,321,352
503,29,52
504,146,150
505,16,86
506,451,456
507,306,393
508,28,91
509,126,142
510,228,278
511,136,145
512,7,73
513,331,335
514,364,387
515,137,175
516,112,174
517,309,388
518,139,151
519,237,255
520,267,291
521,422,493
522,472,499
523,509,168
524,266,295
525,118,147
526,207,288
527,223,279
528,109,119
529,334,368
530,440,458
531,308,371
532,5,14
533,203,286
534,8,70
535,30,46
536,85,89
537,2,11
538,333,354
539,443,453
540,157,164
541,511,178
542,113,153
543,413,473
544,248,297
545,23,74
546,206,246
547,64,99
548,514,345
549,9,32
550,381,390
551,343,399
552,224,280
553,45,71
554,517,312
555,462,486
556,101,121
557,239,277
558,27,82
559,215,287
560,216,221
561,201,230
562,253,269
563,88,98
564,429,436
565,340,382
566,409,447
567,502,349
568,127,183
569,457,481
570,111,122
571,504,190
572,450,491
573,128,200
574,282,298
575,56,61
576,520,265
577,518,515
578,337,346
579,313,369
580,522,455
581,240,247
582,268,294
583,540,138
584,410,475
585,437,469
586,169,176
587,529,303
588,167,179
589,217,252
590,541,156
591,202,272
592,530,465
593,233,261
594,152,193
595,17,48
596,544,258
597,322,350
598,414,500
599,53,59
600,315,317
601,524,289
602,536,508
603,220,290
604,344,385
605,534,42
606,22,69
607,107,158
608,423,433
609,505,76
610,25,43
611,550,397
612,574,245
613,327,396
614,125,160
615,561,281
616,539,430
617,482,485
618,506,434
619,510,254
620,316,325
621,582,270
622,545,512
623,10,37
624,584,463
625,243,264
626,537,100
627,461,492
628,408,444
629,326,400
630,311,339
631,51,60
632,155,189
633,172,184
634,573,568
635,79,90
636,406,466
637,229,284
638,476,487
639,467,496
640,589,552
641,415,494
642,18,84
643,129,161
644,571,185
645,513,310
646,618,566
647,547,80
648,424,459
649,521,468
650,585,464
651,432,445
652,214,296
653,593,227
654,598,401
655,570,197
656,569,454
657,576,519
658,341,366
659,523,105
660,538,320
661,212,234
662,114,182
663,163,181
664,516,144
665,120,148
666,260,299
667,507,362
668,558,83
669,419,495
670,601,557
671,622,20
672,527,262
673,143,171
674,546,222
675,652,526
676,611,323
677,590,586
678,629,579
679,302,319
680,614,528
681,501,380
682,374,384
683,621,208
684,427,439
685,543,428
686,209,236
687,609,532
688,647,4
689,47,95
690,554,361
691,304,358
692,583,525
693,615,612
694,219,259
695,36,62
696,580,460
697,140,192
698,418,477
699,575,1
700,213,257
701,660,567
702,542,186
703,669,470
704,627,616
705,678,597
706,231,241
707,667,398
708,3,31
709,587,373
710,651,555
711,55,96
712,644,195
713,559,238
714,657,292
715,655,632
716,673,106
717,588,556
718,603,211
719,553,81
720,659,134
721,685,572
722,684,425
723,13,66
724,548,301
725,700,251
726,307,375
727,421,490
728,630,314
729,656,417
730,613,600
731,578,370
732,78,87
733,123,149
734,701,359
735,535,35
736,709,329
737,154,166
738,204,293
739,670,637
740,592,416
741,682,351
742,677,577
743,636,498
744,741,363
745,602,503
746,617,405
747,606,33
748,633,199
749,671,15
750,666,640
751,560,244
752,712,692
753,681,676
754,687,605
755,717,102
756,650,649
757,664,103
758,626,92
759,634,180
760,39,65
761,735,595
762,674,533
763,653,596
764,348,356
765,753,604
766,24,38
767,72,94
768,675,285
769,624,478
770,551,372
771,745,21
772,435,449
773,110,132
774,591,250
775,471,484
776,668,57
777,336,394
778,392,395
779,117,198
780,742,665
781,690,342
782,679,330
783,722,628
784,751,619
785,704,402
786,710,696
787,694,683
788,242,263
789,721,641
790,758,749
791,680,643
792,699,12
793,442,489
794,715,607
795,693,225
796,635,631
797,235,283
798,672,661
799,705,565
800,698,431
801,771,563
802,531,378
803,41,75
804,728,658
805,734,726
806,332,376
807,739,713
808,707,338
809,781,730
810,720,663
811,452,479
812,755,752
813,218,226
814,714,562
815,638,564
816,801,549
817,796,776
818,689,19
819,747,732
820,159,196
821,765,391
822,729,727
823,780,697
824,305,379
825,784,762
826,773,131
827,648,646
828,772,438
829,761,610
830,273,300
831,805,620
832,814,768
833,807,774
834,821,809
835,827,783
836,743,639
837,688,34
838,790,67
839,731,347
840,792,50
841,759,702
842,832,763
843,795,787
844,800,746
845,815,756
846,836,789
847,141,191
848,811,412
849,162,165
850,777,736
851,474,480
852,835,785
853,764,724
854,581,210
855,625,276
856,357,360
857,695,54
858,599,26
859,838,817
860,794,737
861,798,725
862,232,275
863,823,791
864,833,750
865,804,645
866,703,426
867,810,716
868,859,837
869,786,769
870,834,831
871,819,754
872,812,757
873,856,808
874,850,799
875,854,718
876,708,68
877,828,775
878,869,654
879,868,829
880,864,842
881,846,740
882,840,711
883,748,594
884,767,623
885,826,108
886,822,446
887,818,719
888,874,870
889,867,860
890,177,187
891,872,662
892,133,194
893,891,841
894,878,845
895,865,328
896,843,825
897,889,863
898,744,318
899,353,365
900,887,816
901,888,853
902,866,852
903,900,879
904,779,116
905,788,738
906,896,880
907,897,893
908,871,6
909,608,420
910,778,691
911,903,882
912,902,881
913,884,857
914,793,483
915,901,895
916,894,448
917,908,760
918,40,58
919,906,861
920,686,271
921,915,873
922,886,877
923,876,642
924,916,912
925,921,770
926,733,124
927,883,135
928,917,911
929,839,383
930,766,723
931,919,875
932,885,173
933,925,898
934,824,782
935,905,797
936,922,844
937,936,924
938,926,907
939,933,802
940,855,706
941,938,904
942,928,923
943,803,77
944,939,910
945,848,411
946,806,386
947,931,830
948,942,930
949,947,935
950,941,115
951,927,820
952,948,913
953,951,950
954,937,851
955,918,858
956,929,367
957,946,944
958,932,130
959,949,920
960,957,956
961,953,847
962,959,940
963,954,403
964,961,188
965,960,934
966,964,849
967,963,945
968,952,97
969,955,943
970,966,958
971,324,389
972,969,968
973,892,890
974,962,249
975,965,899
976,967,909
977,974,862
978,813,274
979,976,914
980,978,977
981,973,970
982,980,256
983,972,44
984,982,205
985,983,49
986,979,404
987,975,971
988,985,63
989,981,104
990,986,407
991,990,497
992,991,488
993,992,441
994,988,93
995,989,170
996,995,984
997,993,987
