301,8,46
302,246,275
303,113,199
304,48,49
305,126,130
306,237,268
307,205,253
308,50,55
309,121,191
310,203,254
311,212,256
312,210,283
313,258,296
314,278,298
315,160,189
316,145,158
317,238,239
318,13,80
319,159,163
320,235,276
321,223,294
322,251,284
323,101,186
324,260,274
325,306,295
326,234,292
327,18,47
328,262,266
329,319,174
330,302,220
331,156,188
332,128,147
333,127,166
334,122,190
335,107,195
336,171,172
337,3,31
338,312,293
339,40,77
340,45,78
341,273,289
342,322,299
343,1,79
344,216,271
345,139,197
346,314,307
347,331,116
348,304,23
349,38,74
350,24,84
351,119,137
352,308,27
353,222,244
354,11,64
355,104,144
356,301,34
357,323,136
358,51,68
359,236,270
360,26,60
361,10,82
362,327,99
363,117,154
364,67,86
365,111,135
366,206,242
367,311,252
368,165,168
369,344,207
370,59,94
371,15,44
372,39,63
373,326,265
374,350,20
375,170,192
376,157,175
377,367,281
378,213,230
379,333,164
380,30,100
381,339,6
382,120,153
383,245,267
384,379,303
385,54,72
386,338,217
387,359,313
388,198,200
389,352,22
390,348,5
391,108,178
392,58,62
393,335,309
394,346,240
395,360,91
396,142,187
397,336,329
398,105,114
399,371,343
400,89,98
401,134,185
402,9,14
403,392,75
404,250,277
405,106,132
406,218,297
407,321,204
408,382,152
409,390,340
410,112,131
411,317,243
412,400,4
413,2,70
414,393,316
415,386,373
416,85,93
417,328,233
418,310,264
419,405,397
420,181,196
421,162,167
422,103,161
423,356,43
424,394,342
425,7,76
426,155,177
427,411,227
428,389,95
429,406,272
430,387,263
431,407,224
432,364,83
433,412,385
434,369,201
435,424,330
436,358,12
437,129,150
438,35,90
439,337,52
440,341,231
441,241,280
442,61,69
443,399,17
444,384,368
445,247,261
446,374,81
447,395,349
448,355,332
449,351,110
450,422,365
451,443,71
452,372,362
453,221,226
454,391,180
455,325,290
456,423,16
457,315,125
458,417,300
459,450,357
460,215,285
461,21,36
462,408,398
463,409,370
464,383,214
465,347,345
466,429,404
467,447,57
468,354,42
469,388,151
470,416,96
471,413,361
472,353,286
473,432,403
474,419,414
475,427,415
476,138,140
477,437,176
478,425,56
479,421,401
480,446,436
481,463,381
482,465,410
483,451,25
484,435,377
485,462,375
486,438,87
487,440,229
488,459,143
489,324,257
490,479,444
491,469,426
492,363,305
493,380,65
494,454,179
495,109,146
496,445,418
497,420,334
498,441,219
499,28,32
500,466,464
501,402,318
502,471,73
503,460,458
504,489,225
505,448,115
506,475,434
507,476,182
508,472,211
509,455,431
510,433,428
511,102,148
512,495,141
513,248,291
514,123,184
515,255,282
516,477,457
517,500,378
518,486,483
519,485,482
520,473,37
521,452,19
522,512,124
523,470,41
524,491,149
525,498,430
526,488,194
527,510,468
528,503,453
529,249,269
530,456,66
531,481,97
532,519,490
533,515,279
534,493,461
535,487,484
536,506,366
537,376,169
538,396,133
539,499,480
540,496,320
541,527,467
542,511,449
543,530,518
544,497,474
545,505,492
546,531,502
547,525,202
548,521,29
549,535,528
550,538,193
551,523,520
552,536,509
553,539,88
554,544,524
555,537,526
556,540,517
557,552,547
558,554,545
559,208,259
560,553,478
561,542,516
562,529,287
563,550,173
564,532,118
565,546,541
566,501,33
567,551,534
568,513,288
569,565,548
570,561,555
571,566,543
572,559,504
573,549,508
574,558,507
575,442,439
576,533,209
577,228,232
578,567,560
579,570,564
580,573,557
581,571,569
582,580,556
583,522,183
584,574,514
585,581,578
586,584,579
587,576,572
588,563,494
589,587,582
590,585,575
591,588,586
592,589,562
593,591,583
594,592,568
595,590,53
596,594,577
597,595,92
