701,175,195
702,355,388
703,532,562
704,219,268
705,413,421
706,557,588
707,214,216
708,667,681
709,483,491
710,313,347
711,207,284
712,41,47
713,506,600
714,248,249
715,271,297
716,570,579
717,262,289
718,15,44
719,515,569
720,230,298
721,706,511
722,244,256
723,18,35
724,502,521
725,320,376
726,254,261
727,703,554
728,341,382
729,442,469
730,485,490
731,111,126
732,3,70
733,464,492
734,16,46
735,351,374
736,348,359
737,140,165
738,641,657
739,133,155
740,632,691
741,659,671
742,721,518
743,114,144
744,709,417
745,708,680
746,9,12
747,424,488
748,656,683
749,292,296
750,62,74
751,152,160
752,56,86
753,179,200
754,732,81
755,251,275
756,542,544
757,280,288
758,173,185
759,358,400
760,23,98
761,307,364
762,91,99
763,613,670
764,520,559
765,733,481
766,724,713
767,309,386
768,718,65
769,639,665
770,10,66
771,416,489
772,618,619
773,215,229
774,270,272
775,120,192
776,31,79
777,566,574
778,88,95
779,315,340
780,103,148
781,305,395
782,522,593
783,553,592
784,28,29
785,423,479
786,352,353
787,122,191
788,603,700
789,630,633
790,325,383
791,484,498
792,304,398
793,411,458
794,609,697
795,431,496
796,505,558
797,563,572
798,407,435
799,751,153
800,704,299
801,737,149
802,555,591
803,158,181
804,702,391
805,316,337
806,178,186
807,475,493
808,213,295
809,146,168
810,319,380
811,36,57
812,401,446
813,231,278
814,546,565
815,63,83
816,742,578
817,437,499
818,771,420
819,644,664
820,67,76
821,164,199
822,707,211
823,711,265
824,514,540
825,552,589
826,405,438
827,32,84
828,302,378
829,517,586
830,116,162
831,622,637
832,534,582
833,701,106
834,342,387
835,616,688
836,712,8
837,790,326
838,580,594
839,224,274
840,736,367
841,37,48
842,473,494
843,726,279
844,372,381
845,628,690
846,349,393
847,361,373
848,350,394
849,13,34
850,748,684
851,227,294
852,765,453
853,605,673
854,650,682
855,749,217
856,730,404
857,115,159
858,754,61
859,235,287
860,610,634
861,608,615
862,816,537
863,5,33
864,113,176
865,549,599
866,822,253
867,408,482
868,831,663
869,782,527
870,434,470
871,735,710
872,785,462
873,203,260
874,529,573
875,163,171
876,151,172
877,770,11
878,250,266
879,815,760
880,734,58
881,731,183
882,531,596
883,744,729
884,242,257
885,119,130
886,429,447
887,823,714
888,223,240
889,856,459
890,617,668
891,800,293
892,761,728
893,311,385
894,145,196
895,449,454
896,784,53
897,720,283
898,150,193
899,117,166
900,838,727
901,738,655
902,787,739
903,819,679
904,545,581
905,241,243
906,463,468
907,567,576
908,643,653
909,509,583
910,811,723
911,717,228
912,601,631
913,303,308
914,910,858
915,338,354
916,102,124
917,808,276
918,623,654
919,612,695
920,887,715
921,508,526
922,794,674
923,846,837
924,201,212
925,746,17
926,625,689
927,781,334
928,843,285
929,859,269
930,409,427
931,314,389
932,747,444
933,818,432
934,835,788
935,813,259
936,410,443
937,825,756
938,854,769
939,801,753
940,134,137
941,105,198
942,43,87
943,1,14
944,356,397
945,821,143
946,118,141
947,128,188
948,889,852
949,317,392
950,899,101
951,850,636
952,645,649
953,868,745
954,233,245
955,783,528
956,604,676
957,804,377
958,855,773
959,902,803
960,869,547
961,455,467
962,775,189
963,716,516
964,403,450
965,832,595
966,406,414
967,829,535
968,507,533
969,909,764
970,963,503
971,138,190
972,957,759
973,50,94
974,916,809
975,890,672
976,306,312
977,851,282
978,834,792
979,780,161
980,879,768
981,871,786
982,901,677
983,772,648
984,918,624
985,840,323
986,876,112
987,169,180
988,866,839
989,740,694
990,22,27
991,177,187
992,412,439
993,789,687
994,862,766
995,778,752
996,425,428
997,892,805
998,870,795
999,961,478
1000,52,97
1001,802,571
1002,774,291
1003,209,220
1004,847,767
1005,933,422
1006,849,21
1007,864,109
1008,962,182
1009,817,440
1010,934,686
1011,937,900
1012,602,611
1013,19,71
1014,960,719
1015,925,914
1016,833,135
1017,867,826
1018,204,273
1019,912,642
1020,938,640
1021,456,495
1022,366,384
1023,501,519
1024,827,30
1025,762,38
1026,357,362
1027,984,951
1028,548,564
1029,806,174
1030,1002,247
1031,903,692
1032,940,743
1033,939,881
1034,72,82
1035,919,652
1036,40,64
1037,884,757
1038,936,791
1039,942,25
1040,1010,861
1041,977,236
1042,935,252
1043,246,300
1044,928,924
1045,1014,814
1046,328,336
1047,907,584
1048,536,538
1049,895,812
1050,959,132
1051,1024,776
1052,860,853
1053,7,80
1054,333,370
1055,908,741
1056,339,343
1057,845,638
1058,944,346
1059,448,480
1060,1013,841
1061,830,184
1062,967,882
1063,906,419
1064,1005,472
1065,810,318
1066,994,970
1067,973,836
1068,779,330
1069,1016,147
1070,997,923
1071,932,807
1072,1048,865
1073,897,755
1074,504,541
1075,989,629
1076,1029,945
1077,561,575
1078,983,666
1079,1017,930
1080,880,26
1081,1019,675
1082,49,51
1083,226,267
1084,1033,875
1085,1042,225
1086,877,863
1087,824,568
1088,978,310
1089,1011,797
1090,988,920
1091,763,661
1092,878,205
1093,1041,891
1094,647,658
1095,828,360
1096,954,286
1097,607,669
1098,888,255
1099,1079,842
1100,798,460
1101,722,239
1102,54,78
1103,1046,332
1104,678,698
1105,885,110
1106,966,486
1107,202,221
1108,1009,451
1109,974,107
1110,466,474
1111,982,952
1112,1015,980
1113,1027,696
1114,1088,1070
1115,1050,799
1116,426,441
1117,1004,893
1118,993,662
1119,999,883
1120,1008,857
1121,992,476
1122,1060,896
1123,991,941
1124,894,108
1125,972,390
1126,987,123
1127,873,263
1128,946,157
1129,976,329
1130,237,258
1131,926,621
1132,1039,69
1133,344,345
1134,1044,917
1135,793,477
1136,1120,1115
1137,981,848
1138,1021,998
1139,1066,1045
1140,1064,872
1141,705,487
1142,796,598
1143,436,445
1144,953,627
1145,1106,1063
1146,949,301
1147,979,127
1148,1065,844
1149,1012,620
1150,996,886
1151,1111,1040
1152,985,725
1153,1034,89
1154,971,121
1155,1119,948
1156,995,943
1157,965,904
1158,968,525
1159,1100,457
1160,1081,1052
1161,1074,1047
1162,929,911
1163,1098,958
1164,685,699
1165,39,93
1166,913,375
1167,1003,232
1168,1056,371
1169,1076,125
1170,1086,1080
1171,1118,1094
1172,1059,500
1173,777,577
1174,1084,139
1175,42,59
1176,1090,905
1177,1125,1114
1178,1007,986
1179,1112,1006
1180,1001,513
1181,1156,990
1182,1072,585
1183,931,365
1184,206,264
1185,1117,1095
1186,156,167
1187,1036,20
1188,1178,1136
1189,1020,646
1190,1144,1075
1191,1025,2
1192,874,597
1193,1053,92
1194,1026,399
1195,1127,222
1196,1176,210
1197,1000,4
1198,1057,922
1199,1108,465
1200,1113,1055
1201,1128,170
1202,1139,1089
1203,368,379
1204,1138,1071
1205,1196,1037
1206,1155,964
1207,1179,1051
1208,1183,927
1209,1023,524
1210,1161,1062
1211,1099,471
1212,1185,1148
1213,1190,1151
1214,1159,1038
1215,1162,1093
1216,1126,154
1217,60,73
1218,1110,402
1219,1083,1073
1220,947,129
1221,1137,1068
1222,1085,1043
1223,1177,1058
1224,969,955
1225,1091,651
1226,1069,950
1227,1054,335
1228,1187,820
1229,1103,1022
1230,1206,1116
1231,1202,1087
1232,1160,660
1233,1153,1102
1234,1226,1174
1235,1121,497
1236,1163,238
1237,1203,915
1238,1101,1030
1239,1221,1152
1240,68,96
1241,1171,975
1242,1200,1189
1243,1188,1061
1244,1231,1192
1245,1105,758
1246,1096,277
1247,1219,1107
1248,1147,197
1249,1230,1140
1250,1207,1181
1251,1216,1124
1252,1173,512
1253,1131,1035
1254,543,590
1255,1222,1184
1256,1169,1109
1257,1180,550
1258,1170,750
1259,1217,1067
1260,1235,418
1261,1182,523
1262,1175,1122
1263,1225,693
1264,1242,1149
1265,1141,461
1266,321,331
1267,1186,898
1268,1236,1205
1269,1164,956
1270,1208,369
1271,1244,1224
1272,1239,1223
1273,1201,1154
1274,556,587
1275,1220,1123
1276,626,635
1277,1261,1142
1278,1215,1134
1279,1213,1104
1280,1214,415
1281,1204,1172
1282,1279,1232
1283,1249,1150
1284,1218,430
1285,1271,1210
1286,1248,194
1287,1243,1234
1288,1252,530
1289,1158,921
1290,1258,1250
1291,1263,1031
1292,1268,1195
1293,1049,433
1294,1283,1143
1295,1281,1211
1296,1237,1129
1297,1255,1246
1298,1238,281
1299,1287,1256
1300,1199,1145
1301,1229,1194
1302,6,90
1303,1272,1212
1304,1132,75
1305,1282,1241
1306,1292,1278
1307,1018,218
1308,1247,1092
1309,1290,1228
1310,1309,1259
1311,1166,1146
1312,1253,1078
1313,1294,1260
1314,1298,290
1315,1285,1209
1316,1267,131
1317,1028,551
1318,539,560
1319,1307,1167
1320,1315,1277
1321,1310,1262
1322,1303,1301
1323,1191,100
1324,1305,1264
1325,1313,1295
1326,1322,1133
1327,1299,1032
1328,1320,1257
1329,1275,1245
1330,1321,1233
1331,1270,1227
1332,1306,1130
1333,1327,1273
1334,1325,1280
1335,1168,322
1336,1326,363
1337,1197,24
1338,1135,452
1339,1328,1157
1340,1332,1308
1341,1316,1251
1342,1336,1331
1343,1324,1312
1344,1333,1286
1345,1334,1293
1346,1344,1329
1347,1330,1304
1348,1342,1311
1349,1340,1319
1350,1345,1300
1351,1269,1198
1352,55,77
1353,1302,1165
1354,1343,1291
1355,1350,1265
1356,1339,1077
1357,1356,1289
1358,1349,1297
1359,1337,1193
1360,1354,1351
1361,1347,1323
1362,1361,1353
1363,1346,1341
1364,1288,1254
1365,1097,606
1366,1357,510
1367,1358,1314
1368,1348,1296
1369,1266,324
1370,1355,1338
1371,1364,1274
1372,1359,1082
1373,1369,1368
1374,1335,327
1375,1363,142
1376,1366,1317
1377,1362,45
1378,1376,1371
1379,1377,1372
1380,1374,1373
1381,1365,1360
1382,1370,1284
1383,1367,208
1384,1352,85
1385,1379,1240
1386,1378,1318
1387,1381,1276
1388,1380,396
1389,1385,1384
1390,1387,614
1391,1383,234
1392,1375,136
1393,1392,104
1394,1391,1388
1395,1394,1393
1396,1389,1382
1397,1395,1390
