501,83,96
502,422,478
503,308,378
504,152,184
505,160,194
506,463,493
507,322,334
508,105,142
509,402,491
510,449,471
511,215,249
512,325,333
513,285,288
514,349,388
515,207,291
516,151,155
517,146,163
518,174,189
519,112,138
520,229,239
521,113,153
522,49,91
523,258,275
524,3,86
525,115,150
526,269,272
527,501,36
528,242,260
529,121,169
530,106,109
531,313,368
532,309,392
533,7,85
534,262,273
535,137,139
536,32,80
537,284,289
538,45,74
539,466,480
540,231,297
541,514,391
542,502,444
543,521,517
544,302,319
545,381,396
546,57,87
547,227,300
548,507,338
549,435,456
550,228,254
551,236,244
552,416,428
553,122,172
554,43,94
555,24,39
556,464,474
557,311,394
558,312,344
559,103,144
560,53,99
561,522,69
562,210,277
563,512,354
564,233,246
565,536,73
566,526,201
567,364,386
568,409,424
569,56,67
570,519,181
571,528,294
572,320,335
573,515,265
574,508,114
575,408,490
576,429,476
577,156,178
578,542,506
579,516,171
580,213,219
581,310,360
582,450,461
583,116,132
584,529,102
585,71,90
586,140,164
587,306,377
588,533,27
589,220,267
590,143,158
591,101,195
592,430,482
593,553,193
594,423,475
595,176,191
596,532,369
597,5,12
598,552,440
599,281,295
600,524,16
601,173,198
602,225,241
603,123,157
604,550,278
605,411,442
606,2,62
607,445,500
608,128,129
609,329,399
610,581,326
611,390,397
612,503,382
613,513,217
614,26,31
615,22,28
616,590,136
617,21,70
618,126,182
619,76,81
620,224,287
621,25,82
622,539,439
623,437,469
624,596,531
625,127,134
626,372,395
627,4,77
628,511,222
629,538,42
630,545,327
631,504,148
632,167,179
633,434,462
634,535,108
635,509,498
636,223,226
637,457,481
638,473,494
639,518,107
640,629,546
641,569,15
642,211,240
643,346,355
644,570,175
645,599,259
646,558,548
647,410,446
648,505,161
649,619,35
650,547,261
651,562,537
652,406,458
653,591,584
654,78,93
655,303,400
656,575,485
657,589,268
658,130,185
659,433,451
660,403,419
661,328,337
662,549,510
663,237,255
664,534,212
665,600,23
666,573,299
667,357,371
668,559,166
669,230,245
670,567,387
671,527,72
672,351,366
673,34,92
674,541,380
675,577,145
676,234,274
677,540,286
678,253,280
679,582,425
680,551,221
681,530,120
682,578,460
683,414,459
684,572,314
685,611,352
686,323,359
687,585,38
688,568,438
689,336,383
690,66,98
691,266,270
692,588,64
693,420,495
694,647,607
695,431,477
696,343,358
697,645,580
698,330,384
699,593,196
700,608,119
701,46,61
702,479,486
703,561,65
704,203,248
705,543,525
706,623,443
707,118,159
708,620,202
709,436,487
710,247,251
711,671,14
712,621,560
713,616,183
714,554,30
715,640,565
716,656,556
717,658,131
718,655,646
719,628,252
720,427,432
721,50,89
722,348,356
723,324,389
724,677,282
725,644,634
726,692,33
727,665,8
728,719,566
729,638,598
730,703,615
731,209,214
732,635,492
733,594,417
734,271,290
735,563,376
736,630,587
737,447,454
738,603,133
739,706,453
740,465,470
741,467,497
742,557,316
743,631,601
744,664,250
745,342,365
746,684,674
747,705,190
748,651,520
749,708,604
750,707,147
751,670,373
752,571,204
753,13,95
754,583,200
755,672,667
756,690,555
757,597,60
758,735,686
759,733,662
760,235,293
761,586,192
762,685,375
763,315,317
764,682,472
765,362,393
766,668,648
767,728,613
768,673,48
769,9,100
770,523,206
771,693,659
772,669,296
773,720,499
774,633,468
775,696,339
776,657,208
777,661,610
778,18,79
779,52,84
780,605,489
781,624,385
782,618,574
783,606,11
784,688,421
785,141,170
786,41,75
787,595,165
788,332,340
789,649,88
790,755,612
791,726,715
792,758,347
793,125,187
794,401,452
795,730,617
796,675,197
797,740,622
798,363,374
799,747,180
800,777,762
801,710,642
802,714,17
803,663,243
804,625,168
805,732,679
806,724,697
807,40,68
808,767,666
809,739,716
810,790,350
811,639,177
812,689,345
813,626,331
814,741,496
815,780,405
816,749,564
817,713,681
818,783,641
819,654,63
820,687,47
821,653,632
822,781,718
823,736,643
824,787,717
825,770,752
826,712,59
827,764,694
828,789,614
829,813,746
830,743,579
831,748,238
832,680,283
833,792,321
834,818,757
835,678,256
836,660,652
837,822,742
838,407,448
839,819,756
840,216,263
841,773,455
842,750,188
843,723,361
844,802,627
845,761,738
846,721,20
847,698,398
848,722,544
849,232,264
850,817,799
851,124,186
852,816,744
853,759,592
854,779,29
855,731,218
856,808,772
857,805,729
858,820,768
859,776,292
860,812,751
861,774,695
862,766,725
863,704,298
864,305,379
865,823,800
866,842,796
867,837,304
868,843,353
869,840,832
870,784,418
871,828,711
872,609,307
873,771,709
874,727,51
875,702,637
876,782,111
877,847,798
878,821,154
879,807,54
880,806,691
881,825,760
882,850,804
883,763,745
884,788,341
885,853,737
886,844,826
887,846,791
888,841,683
889,834,769
890,824,149
891,875,412
892,856,852
893,885,870
894,859,734
895,701,97
896,829,775
897,855,676
898,827,809
899,873,576
900,872,810
901,839,795
902,874,858
903,831,279
904,876,811
905,862,845
906,857,836
907,887,1
908,892,880
909,700,117
910,877,867
911,898,404
912,903,894
913,907,901
914,909,754
915,886,871
916,602,205
917,830,699
918,893,861
919,906,441
920,797,488
921,888,413
922,849,803
923,863,257
924,891,815
925,912,908
926,37,58
927,896,833
928,900,868
929,904,882
930,919,814
931,890,878
932,889,55
933,917,866
934,869,650
935,897,835
936,927,865
937,932,44
938,860,318
939,801,636
940,930,911
941,922,276
942,913,902
943,854,778
944,934,881
945,937,19
946,895,879
947,929,905
948,926,10
949,104,135
950,920,918
951,928,910
952,942,915
953,951,936
954,931,162
955,864,301
956,940,899
957,947,933
958,944,925
959,938,884
960,923,916
961,952,945
962,956,921
963,962,950
964,957,954
965,883,765
966,958,935
967,961,753
968,955,848
969,959,953
970,963,838
971,793,785
972,943,6
973,966,960
974,967,946
975,964,199
976,970,924
977,969,968
978,975,851
979,973,939
980,914,110
981,977,965
982,974,972
983,978,949
984,983,980
985,976,794
986,979,941
987,984,971
988,982,786
989,985,484
990,988,948
991,989,415
992,981,370
993,992,367
994,991,483
995,994,426
996,993,990
997,987,986
