701,372,381
702,342,364
703,618,619
704,562,580
705,103,149
706,588,599
707,133,182
708,36,40
709,424,488
710,278,286
711,532,557
712,34,63
713,17,81
714,30,31
715,16,41
716,416,489
717,403,463
718,417,467
719,579,600
720,160,176
721,13,35
722,164,179
723,502,515
724,249,284
725,453,485
726,373,383
727,11,56
728,616,688
729,531,596
730,378,386
731,541,554
732,644,664
733,718,491
734,254,261
735,459,490
736,405,438
737,315,340
738,673,685
739,311,360
740,120,178
741,462,479
742,464,465
743,623,630
744,706,536
745,351,358
746,5,22
747,511,558
748,404,423
749,233,265
750,111,126
751,520,528
752,723,506
753,410,498
754,310,326
755,549,555
756,425,428
757,631,687
758,629,632
759,654,665
760,518,519
761,437,475
762,313,387
763,223,250
764,152,153
765,514,522
766,603,637
767,547,565
768,529,569
769,202,221
770,224,243
771,450,482
772,509,593
773,328,344
774,147,171
775,713,12
776,23,84
777,213,294
778,118,141
779,336,341
780,727,88
781,8,47
782,307,355
783,122,191
784,61,86
785,117,166
786,648,668
787,309,361
788,615,633
789,652,695
790,456,492
791,211,253
792,10,66
793,79,100
794,717,493
795,614,675
796,170,175
797,552,578
798,138,157
799,146,186
800,733,483
801,602,696
802,715,712
803,112,151
804,783,130
805,347,376
806,401,446
807,230,275
808,545,570
809,728,671
810,743,655
811,448,480
812,762,395
813,353,374
814,58,90
815,622,634
816,422,432
817,388,391
818,744,517
819,708,67
820,27,65
821,724,222
822,643,672
823,516,581
824,345,382
825,216,248
826,707,190
827,2,99
828,760,711
829,736,409
830,722,125
831,757,663
832,472,481
833,649,667
834,779,702
835,752,719
836,810,759
837,240,290
838,106,144
839,575,594
840,734,260
841,256,291
842,338,350
843,781,94
844,710,259
845,775,69
846,795,651
847,366,385
848,738,676
849,636,699
850,212,229
851,538,576
852,704,568
853,325,349
854,219,262
855,725,439
856,767,582
857,470,494
858,787,745
859,720,132
860,705,139
861,737,398
862,496,500
863,686,700
864,764,115
865,642,647
866,9,89
867,217,280
868,20,57
869,814,721
870,521,567
871,357,399
872,427,495
873,18,46
874,822,653
875,763,252
876,691,694
877,314,365
878,445,484
879,605,657
880,815,656
881,824,379
882,242,274
883,1,95
884,735,429
885,761,440
886,227,292
887,119,173
888,680,681
889,714,76
890,701,323
891,559,583
892,750,167
893,821,203
894,832,478
895,807,749
896,6,14
897,823,808
898,813,384
899,818,574
900,791,207
901,835,544
902,52,54
903,812,333
904,778,113
905,116,140
906,789,612
907,802,780
908,181,189
909,205,255
910,794,771
911,804,109
912,709,444
913,537,571
914,50,72
915,617,640
916,48,59
917,797,572
918,324,367
919,214,297
920,834,726
921,308,335
922,799,796
923,800,442
924,609,697
925,413,461
926,206,225
927,768,591
928,754,394
929,334,356
930,135,158
931,662,684
932,28,29
933,792,33
934,407,455
935,785,121
936,613,645
937,628,659
938,851,729
939,827,38
940,458,469
941,155,162
942,237,300
943,746,26
944,354,368
945,677,678
946,415,443
947,577,592
948,816,741
949,854,840
950,542,573
951,770,220
952,861,304
953,739,730
954,901,755
955,774,101
956,507,533
957,820,44
958,777,295
959,852,772
960,740,143
961,486,487
962,316,377
963,885,476
964,849,641
965,319,332
966,933,15
967,402,466
968,894,716
969,931,831
970,624,661
971,836,788
972,892,174
973,954,751
974,638,690
975,803,134
976,874,758
977,43,62
978,283,298
979,105,198
980,895,299
981,837,296
982,277,293
983,833,809
984,621,666
985,930,838
986,639,682
987,872,421
988,867,258
989,884,855
990,856,546
991,742,499
992,922,830
993,858,393
994,859,826
995,829,473
996,924,674
997,406,434
998,882,215
999,70,87
1000,870,731
1001,270,272
1002,881,773
1003,948,748
1004,513,523
1005,21,93
1006,784,37
1007,957,98
1008,907,873
1009,102,107
1010,850,247
1011,329,392
1012,923,910
1013,898,805
1014,766,627
1015,950,927
1016,913,550
1017,263,276
1018,732,604
1019,228,235
1020,238,266
1021,747,505
1022,670,679
1023,817,400
1024,938,899
1025,1000,540
1026,860,163
1027,420,436
1028,919,900
1029,939,91
1030,843,51
1031,953,890
1032,811,753
1033,973,828
1034,756,447
1035,806,433
1036,983,698
1037,876,786
1038,845,819
1039,320,375
1040,864,168
1041,512,556
1042,920,782
1043,244,271
1044,993,337
1045,902,4
1046,914,82
1047,60,74
1048,972,200
1049,825,210
1050,1008,943
1051,968,912
1052,148,180
1053,312,343
1054,990,897
1055,951,269
1056,185,187
1057,958,268
1058,936,888
1059,916,42
1060,952,929
1061,862,457
1062,928,853
1063,966,71
1064,1028,893
1065,980,257
1066,969,689
1067,1027,878
1068,1040,960
1069,1042,1002
1070,886,232
1071,875,267
1072,769,288
1073,1024,917
1074,941,172
1075,1025,584
1076,201,285
1077,110,137
1078,128,194
1079,346,397
1080,123,193
1081,994,992
1082,932,53
1083,303,330
1084,998,988
1085,1054,1033
1086,964,879
1087,975,108
1088,986,801
1089,918,348
1090,909,289
1091,863,848
1092,793,776
1093,940,477
1094,1015,765
1095,1038,999
1096,1035,989
1097,949,287
1098,955,142
1099,903,877
1100,908,150
1101,857,408
1102,124,127
1103,1037,971
1104,426,441
1105,161,197
1106,1063,1050
1107,503,526
1108,961,414
1109,129,188
1110,946,790
1111,435,454
1112,1066,658
1113,911,159
1114,869,25
1115,204,241
1116,1096,1012
1117,80,97
1118,846,601
1119,905,184
1120,1014,703
1121,1010,981
1122,959,597
1123,841,236
1124,131,156
1125,1026,165
1126,891,539
1127,524,561
1128,1041,530
1129,1065,1049
1130,1036,880
1131,154,199
1132,987,411
1133,995,963
1134,1062,1013
1135,1031,318
1136,974,937
1137,1112,865
1138,976,970
1139,944,352
1140,527,553
1141,218,273
1142,1011,962
1143,883,24
1144,1095,1006
1145,1016,1004
1146,1051,1034
1147,1069,1060
1148,1092,889
1149,1081,798
1150,548,566
1151,1137,1103
1152,1044,1023
1153,1030,45
1154,1007,32
1155,956,508
1156,926,231
1157,606,650
1158,978,844
1159,1101,997
1160,431,451
1161,1086,906
1162,635,693
1163,1085,1073
1164,965,921
1165,1087,985
1166,1064,226
1167,1146,1116
1168,1075,504
1169,1135,1089
1170,866,19
1171,1114,1005
1172,1071,1070
1173,1106,1059
1174,1133,1061
1175,1098,935
1176,979,136
1177,1097,1019
1178,302,369
1179,1163,1122
1180,1125,1048
1181,1091,669
1182,1102,904
1183,1123,1001
1184,1100,192
1185,1113,1009
1186,1124,145
1187,1090,208
1188,1151,1130
1189,1108,468
1190,1118,1022
1191,1152,1147
1192,1159,418
1193,1055,209
1194,1129,264
1195,1074,183
1196,1174,1032
1197,1148,1029
1198,1179,1021
1199,1167,1003
1200,1134,842
1201,1185,1149
1202,1018,945
1203,1117,92
1204,321,380
1205,1094,525
1206,1121,281
1207,1166,1057
1208,1171,1144
1209,339,371
1210,1088,683
1211,1198,1168
1212,1127,501
1213,1196,934
1214,1173,868
1215,534,598
1216,1157,915
1217,1142,1099
1218,1079,363
1219,1180,195
1220,1053,389
1221,947,510
1222,1093,452
1223,585,586
1224,1188,1161
1225,1201,1165
1226,1078,887
1227,1158,1156
1228,412,497
1229,1203,75
1230,1153,64
1231,543,590
1232,1200,1191
1233,1194,1084
1234,1213,1199
1235,608,626
1236,1214,1208
1237,1182,1068
1238,1056,177
1239,1189,991
1240,620,646
1241,1139,359
1242,1110,460
1243,78,83
1244,1190,984
1245,1177,942
1246,1207,1193
1247,1083,305
1248,317,331
1249,1172,1020
1250,1046,977
1251,1192,471
1252,1184,1109
1253,1246,1072
1254,1176,1175
1255,1211,839
1256,7,39
1257,1224,1138
1258,1136,996
1259,1255,1155
1260,1225,1119
1261,1150,551
1262,1160,449
1263,1236,1197
1264,169,196
1265,1260,1237
1266,1017,282
1267,967,430
1268,1259,1205
1269,1045,49
1270,1178,362
1271,1257,1120
1272,1232,1217
1273,1271,1181
1274,1169,847
1275,1249,1206
1276,1268,1140
1277,1115,279
1278,1265,1219
1279,1253,1245
1280,1234,1132
1281,1058,692
1282,1273,1244
1283,1274,1272
1284,1220,322
1285,1280,1239
1286,1126,560
1287,1231,1128
1288,1263,1230
1289,1276,1145
1290,1247,1039
1291,1279,1187
1292,1278,1226
1293,1285,1242
1294,1233,1183
1295,1243,1170
1296,1261,1221
1297,1154,1143
1298,1227,982
1299,1288,1250
1300,1283,1164
1301,1241,301
1302,1209,390
1303,1297,1269
1304,1293,1067
1305,239,245
1306,1228,1104
1307,1107,589
1308,1289,1212
1309,1282,1281
1310,1252,1131
1311,1284,306
1312,1292,1254
1313,1294,1275
1314,1300,871
1315,1313,1291
1316,1290,1248
1317,1303,1299
1318,1270,370
1319,1314,1218
1320,1258,1202
1321,1312,1052
1322,1082,3
1323,1287,587
1324,1186,1080
1325,1304,1251
1326,1320,1309
1327,1308,1296
1328,1321,1195
1329,610,625
1330,1264,1105
1331,1315,1298
1332,1326,1210
1333,1310,1238
1334,1240,611
1335,1235,660
1336,1325,1222
1337,1327,1307
1338,1317,1295
1339,1333,1328
1340,1319,1301
1341,1340,1316
1342,1336,1262
1343,1306,1267
1344,1256,896
1345,1047,73
1346,1341,1311
1347,1332,1216
1348,1339,1077
1349,1302,327
1350,1337,1286
1351,1346,1204
1352,1348,1330
1353,1342,1111
1354,1338,1229
1355,1331,1277
1356,85,96
1357,1350,1215
1358,1351,1318
1359,1353,1343
1360,1354,1344
1361,1357,535
1362,1361,1323
1363,1347,1335
1364,1305,1141
1365,1363,1334
1366,1365,1329
1367,1360,1322
1368,1359,925
1369,1266,1076
1370,1358,1349
1371,1362,1223
1372,1355,246
1373,1368,474
1374,1352,1324
1375,1372,1369
1376,1375,1364
1377,1366,1162
1378,1367,1345
1379,1373,419
1380,1371,564
1381,1376,1043
1382,1378,68
1383,1380,563
1384,1382,1356
1385,1374,114
1386,1381,251
1387,1383,595
1388,1377,607
1389,1384,77
1390,1385,104
1391,1386,234
1392,1370,396
1393,1389,55
1394,1391,1379
1395,1392,1390
1396,1394,1387
1397,1395,1388
