301,8,20
302,59,93
303,111,127
304,207,284
305,265,299
306,205,275
307,301,6
308,154,182
309,167,174
310,128,144
311,230,267
312,152,195
313,46,84
314,264,276
315,49,62
316,278,293
317,310,183
318,221,251
319,240,242
320,121,153
321,26,91
322,119,166
323,5,99
324,312,103
325,239,298
326,120,165
327,190,196
328,250,256
329,36,90
330,268,295
331,13,81
332,11,89
333,4,40
334,155,158
335,210,263
336,29,63
337,19,76
338,319,201
339,311,213
340,309,134
341,54,64
342,302,42
343,318,289
344,307,16
345,106,177
346,238,262
347,172,189
348,233,247
349,169,186
350,216,255
351,316,304
352,51,95
353,344,67
354,150,170
355,176,185
356,306,286
357,7,47
358,43,44
359,320,303
360,105,146
361,231,254
362,115,117
363,222,249
364,329,313
365,225,297
366,204,294
367,234,258
368,208,209
369,266,273
370,57,87
371,31,52
372,226,285
373,257,260
374,178,180
375,342,86
376,317,109
377,330,219
378,353,331
379,327,122
380,218,253
381,305,281
382,147,171
383,323,39
384,21,34
385,365,351
386,324,191
387,357,78
388,336,85
389,314,241
390,356,343
391,161,168
392,56,83
393,113,162
394,137,138
395,354,181
396,132,163
397,374,193
398,346,229
399,2,25
400,126,149
401,188,197
402,363,217
403,347,322
404,355,340
405,349,135
406,58,68
407,368,338
408,206,236
409,283,300
410,375,23
411,339,228
412,369,224
413,101,157
414,17,33
415,361,248
416,50,94
417,358,65
418,364,79
419,269,287
420,66,71
421,110,143
422,32,61
423,337,96
424,332,74
425,401,326
426,352,28
427,404,359
428,345,200
429,212,252
430,227,237
431,203,272
432,386,131
433,341,1
434,407,377
435,77,82
436,129,133
437,308,104
438,334,114
439,381,244
440,125,156
441,325,282
442,371,22
443,434,220
444,432,395
445,408,366
446,379,199
447,335,328
448,397,108
449,373,259
450,406,69
451,384,9
452,370,73
453,333,35
454,443,390
455,376,362
456,412,350
457,380,214
458,423,388
459,55,60
460,418,30
461,394,198
462,399,383
463,424,410
464,427,403
465,315,75
466,3,24
467,431,389
468,460,100
469,417,378
470,433,392
471,14,15
472,425,139
473,421,145
474,430,409
475,360,130
476,400,382
477,448,179
478,439,411
479,416,18
480,391,118
481,441,367
482,445,415
483,398,385
484,243,270
485,235,274
486,458,72
487,10,92
488,471,321
489,463,453
490,38,53
491,444,405
492,442,387
493,246,291
494,142,173
495,464,393
496,485,467
497,449,279
498,202,280
499,472,194
500,454,447
501,461,437
502,436,116
503,37,41
504,450,422
505,455,446
506,495,491
507,462,70
508,123,175
509,489,12
510,470,469
511,505,476
512,459,98
513,500,483
514,482,429
515,509,468
516,451,80
517,510,426
518,479,435
519,107,124
520,372,261
521,402,271
522,488,420
523,513,496
524,475,192
525,102,148
526,481,474
527,136,140
528,478,457
529,517,492
530,526,514
531,223,296
532,501,396
533,348,211
534,452,414
535,502,112
536,486,27
537,519,438
538,511,506
539,515,507
540,480,473
541,528,523
542,487,97
543,521,497
544,534,529
545,288,292
546,539,536
547,428,187
548,541,530
549,538,499
550,527,151
551,544,465
552,549,532
553,160,164
554,548,456
555,551,546
556,533,520
557,525,477
558,419,245
559,547,141
560,552,440
561,554,543
562,542,45
563,518,466
564,508,413
565,560,537
566,555,516
567,565,184
568,566,563
569,567,540
570,568,522
571,556,493
572,570,503
573,572,504
574,569,557
575,561,484
576,573,512
577,575,558
578,577,498
579,574,494
580,578,277
581,579,559
582,581,524
583,580,571
584,582,535
585,584,564
586,585,550
587,545,290
588,553,159
589,576,562
590,583,531
591,589,490
592,588,586
593,590,587
594,591,48
595,593,232
596,595,215
597,594,88
