701,258,377
702,170,217
703,238,641
704,144,585
705,71,494
706,376,553
707,120,199
708,193,677
709,301,370
710,541,547
711,465,499
712,702,387
713,138,669
714,296,617
715,211,381
716,219,343
717,143,680
718,266,542
719,194,649
720,242,249
721,295,350
722,147,166
723,382,651
724,226,631
725,566,648
726,233,259
727,104,519
728,361,695
729,232,274
730,21,39
731,272,574
732,567,610
733,136,549
734,127,650
735,172,568
736,720,159
737,53,410
738,161,598
739,118,383
740,284,293
741,130,141
742,181,536
743,565,646
744,40,497
745,146,300
746,731,532
747,58,488
748,122,554
749,174,178
750,714,228
751,162,288
752,665,698
753,460,483
754,577,605
755,247,628
756,196,311
757,718,339
758,528,629
759,92,492
760,581,611
761,496,498
762,163,685
763,126,394
764,657,675
765,323,400
766,135,513
767,23,75
768,220,340
769,297,601
770,212,558
771,134,538
772,18,458
773,37,442
774,525,670
775,721,253
776,271,616
777,309,318
778,257,696
779,711,473
780,279,656
781,262,661
782,752,374
783,155,342
784,708,506
785,165,185
786,358,531
787,344,638
788,705,22
789,742,678
790,332,687
791,758,107
792,121,546
793,241,261
794,43,459
795,726,173
796,51,464
797,62,500
798,750,693
799,419,424
800,168,354
801,148,375
802,741,149
803,99,484
804,78,417
805,560,582
806,723,281
807,207,570
808,229,315
809,76,414
810,133,594
811,299,623
812,128,223
813,243,615
814,15,453
815,713,210
816,191,590
817,384,679
818,102,184
819,263,666
820,205,213
821,56,433
822,334,603
823,769,255
824,237,579
825,278,364
826,514,686
827,246,620
828,325,596
829,105,625
830,790,576
831,64,418
832,776,378
833,285,521
834,187,392
835,230,252
836,113,335
837,725,214
838,745,591
839,737,427
840,798,352
841,789,672
842,67,455
843,41,491
844,639,663
845,264,555
846,44,54
847,289,302
848,796,481
849,774,662
850,150,167
851,221,524
852,177,324
853,321,530
854,164,644
855,360,559
856,572,655
857,275,534
858,633,664
859,227,390
860,36,434
861,757,683
862,715,584
863,59,412
864,812,251
865,518,550
866,816,516
867,772,411
868,270,515
869,754,398
870,709,183
871,821,470
872,235,552
873,826,256
874,169,642
875,782,738
876,203,236
877,244,353
878,349,613
879,391,597
880,106,304
881,137,509
882,744,65
883,385,618
884,751,586
885,749,348
886,775,139
887,132,179
888,216,371
889,276,333
890,712,109
891,578,588
892,763,700
893,337,338
894,780,294
895,88,476
896,171,505
897,792,703
898,830,200
899,779,86
900,740,671
901,822,556
902,422,467
903,393,619
904,727,561
905,813,704
906,366,599
907,846,77
908,834,768
909,810,736
910,728,308
911,239,637
912,248,397
913,283,659
914,746,527
915,634,654
916,16,74
917,9,17
918,735,319
919,84,429
920,359,682
921,748,362
922,710,520
923,817,595
924,388,543
925,803,80
926,788,5
927,189,608
928,733,604
929,537,692
930,841,312
931,825,119
932,859,732
933,777,739
934,326,630
935,869,827
936,307,548
937,885,224
938,61,420
939,854,844
940,336,624
941,724,202
942,849,114
943,894,373
944,875,707
945,860,839
946,32,493
947,863,435
948,407,469
949,898,857
950,722,551
951,182,186
952,396,504
953,880,800
954,614,681
955,756,108
956,112,557
957,3,444
958,874,684
959,27,90
960,901,868
961,889,801
962,891,743
963,316,331
964,204,265
965,892,699
966,818,571
967,819,760
968,855,824
969,858,192
970,883,781
971,886,833
972,69,451
973,778,540
974,357,507
975,313,503
976,225,600
977,917,14
978,87,428
979,840,764
980,176,645
981,254,612
982,905,125
983,838,330
984,1,409
985,850,175
986,922,356
987,250,395
988,6,416
989,836,292
990,786,268
991,944,719
992,930,673
993,320,592
994,784,501
995,287,314
996,927,870
997,802,573
998,837,791
999,897,522
1000,932,101
1001,188,267
1002,770,545
1003,890,209
1004,873,866
1005,820,691
1006,755,215
1007,823,190
1008,909,845
1009,535,653
1010,929,734
1011,861,544
1012,915,562
1013,935,201
1014,910,222
1015,862,716
1016,851,621
1017,809,430
1018,888,282
1019,806,643
1020,899,490
1021,876,152
1022,785,688
1023,290,305
1024,808,298
1025,954,240
1026,962,658
1027,963,529
1028,994,303
1029,939,793
1030,884,852
1031,992,835
1032,47,440
1033,964,632
1034,85,443
1035,971,569
1036,952,928
1037,918,881
1038,815,762
1039,35,404
1040,950,832
1041,924,879
1042,277,345
1043,24,431
1044,977,34
1045,967,865
1046,129,676
1047,923,180
1048,380,622
1049,124,363
1050,976,668
1051,956,877
1052,947,468
1053,829,706
1054,602,635
1055,986,306
1056,969,903
1057,446,486
1058,153,523
1059,63,450
1060,20,42
1061,989,961
1062,206,606
1063,943,689
1064,973,878
1065,959,52
1066,970,652
1067,985,937
1068,980,511
1069,940,914
1070,921,805
1071,965,368
1072,456,462
1073,987,955
1074,1004,273
1075,908,111
1076,355,640
1077,911,593
1078,988,432
1079,972,938
1080,1001,310
1081,811,765
1082,984,98
1083,842,457
1084,913,912
1085,996,906
1086,958,766
1087,936,701
1088,953,900
1089,317,580
1090,1015,386
1091,25,413
1092,999,341
1093,1014,729
1094,510,627
1095,983,157
1096,761,489
1097,1074,828
1098,1009,795
1099,945,487
1100,814,408
1101,1022,140
1102,7,479
1103,759,495
1104,848,747
1105,804,405
1106,975,771
1107,925,38
1108,1002,346
1109,916,477
1110,1012,1008
1111,472,482
1112,1039,480
1113,1017,426
1114,103,539
1115,1006,896
1116,787,660
1117,730,70
1118,966,853
1119,116,674
1120,1011,195
1121,991,583
1122,1005,694
1123,1055,1000
1124,94,471
1125,799,73
1126,990,933
1127,97,449
1128,286,607
1129,856,160
1130,1048,974
1131,1027,1018
1132,1046,231
1133,1069,291
1134,957,57
1135,1033,960
1136,1038,328
1137,1050,158
1138,843,475
1139,998,968
1140,1064,942
1141,951,887
1142,322,399
1143,941,847
1144,564,575
1145,979,864
1146,1099,448
1147,904,502
1148,329,587
1149,1053,920
1150,1030,783
1151,1073,389
1152,10,406
1153,1029,949
1154,1031,115
1155,1023,589
1156,867,767
1157,993,197
1158,1075,1028
1159,981,512
1160,1066,533
1161,1025,717
1162,2,445
1163,260,372
1164,1040,997
1165,872,351
1166,753,66
1167,1092,1035
1168,1079,30
1169,1103,83
1170,1083,907
1171,1052,1044
1172,1115,1024
1173,1059,1020
1174,1120,982
1175,919,421
1176,1054,327
1177,1041,931
1178,1061,1010
1179,1116,517
1180,1071,807
1181,1070,1013
1182,1060,948
1183,79,81
1184,1096,12
1185,1036,117
1186,797,100
1187,871,45
1188,1086,1026
1189,1077,1045
1190,1137,1019
1191,1091,68
1192,1143,1016
1193,1067,1063
1194,452,454
1195,1114,647
1196,29,403
1197,926,46
1198,1160,995
1199,1097,1003
1200,1125,882
1201,72,415
1202,1134,436
1203,1136,1101
1204,1080,1062
1205,91,423
1206,1144,198
1207,33,438
1208,1109,28
1209,1021,347
1210,1057,439
1211,1100,1082
1212,1130,1056
1213,1133,1110
1214,1157,1093
1215,1072,978
1216,1158,1088
1217,437,463
1218,1121,367
1219,563,667
1220,1132,208
1221,131,156
1222,1139,1085
1223,1185,1049
1224,1152,895
1225,1146,485
1226,1131,1089
1227,1167,1122
1228,474,478
1229,60,402
1230,1107,31
1231,1161,1037
1232,1119,280
1233,1151,1068
1234,1186,773
1235,1095,1084
1236,1065,1034
1237,49,425
1238,1141,636
1239,1123,1108
1240,1176,154
1241,1135,1081
1242,1218,1189
1243,1113,1105
1244,110,690
1245,1149,1051
1246,1184,1078
1247,1177,1098
1248,1087,893
1249,1165,1163
1250,1155,626
1251,1117,794
1252,1178,1145
1253,93,447
1254,1187,1171
1255,1142,269
1256,1170,1111
1257,1193,1140
1258,1175,96
1259,1168,946
1260,1118,1076
1261,1238,1090
1262,1180,1007
1263,1213,1154
1264,1197,1182
1265,1222,934
1266,1199,1174
1267,1192,1153
1268,1166,48
1269,1173,1043
1270,1217,26
1271,1207,82
1272,1181,1126
1273,1225,401
1274,1209,1159
1275,1200,1138
1276,1248,1172
1277,1231,1195
1278,1214,1129
1279,1234,1104
1280,1210,1208
1281,89,95
1282,1241,1239
1283,1250,1058
1284,1245,1188
1285,1221,151
1286,1249,1106
1287,1203,1148
1288,902,19
1289,1216,1147
1290,1190,1164
1291,1262,1204
1292,1179,218
1293,1162,13
1294,831,11
1295,1251,1183
1296,1247,1206
1297,1219,1047
1298,1224,1201
1299,1226,1223
1300,1233,1198
1301,1205,1127
1302,1246,1156
1303,1271,8
1304,1243,1196
1305,1235,1150
1306,1258,1230
1307,1229,1228
1308,1255,123
1309,1285,145
1310,1270,1211
1311,1278,1212
1312,1244,1220
1313,1272,1265
1314,1269,1254
1315,1279,1169
1316,1237,1215
1317,1128,609
1318,1295,1112
1319,1284,1252
1320,1267,1257
1321,1266,1261
1322,1102,461
1323,1283,1240
1324,1290,1263
1325,1124,441
1326,1288,1032
1327,1273,1236
1328,1275,1256
1329,1304,1264
1330,1303,1268
1331,1308,508
1332,1292,1232
1333,1299,1276
1334,1094,369
1335,1277,1274
1336,1302,1259
1337,245,379
1338,1313,1227
1339,50,466
1340,1291,1282
1341,1311,1242
1342,1296,1287
1343,1305,1260
1344,1297,1286
1345,1315,1280
1346,1316,1306
1347,1293,1202
1348,1324,1289
1349,1301,1191
1350,1322,1253
1351,1335,1300
1352,1298,1281
1353,1337,1042
1354,1318,1194
1355,1320,1319
1356,1328,1314
1357,1323,1309
1358,1334,526
1359,1332,1312
1360,1338,1321
1361,1329,1310
1362,1330,1326
1363,1336,1327
1364,1343,1333
1365,1307,1294
1366,142,697
1367,1339,1325
1368,1354,1347
1369,1353,1317
1370,1348,1340
1371,1358,365
1372,1351,1341
1373,1357,1344
1374,1362,1352
1375,1356,1345
1376,1349,1346
1377,1350,4
1378,1359,1342
1379,1360,1355
1380,1371,1331
1381,1370,1364
1382,1367,1365
1383,1375,1361
1384,1368,1363
1385,1369,1366
1386,1373,1372
1387,1377,1376
1388,1382,1374
1389,1386,1379
1390,1381,1378
1391,1384,1383
1392,1380,234
1393,1390,1389
1394,1388,55
1395,1391,1387
1396,1395,1394
1397,1393,1392
