701,680,681
702,416,420
703,219,268
704,413,421
705,112,178
706,175,195
707,352,353
708,502,532
709,355,388
710,537,588
711,431,496
712,262,289
713,313,347
714,617,630
715,511,557
716,665,682
717,644,670
718,214,216
719,129,163
720,442,469
721,701,667
722,215,229
723,715,710
724,41,47
725,483,491
726,611,650
727,616,632
728,31,79
729,15,65
730,481,490
731,271,297
732,506,600
733,56,86
734,207,284
735,615,672
736,508,526
737,111,126
738,36,73
739,423,479
740,254,261
741,709,391
742,515,569
743,164,179
744,579,591
745,730,485
746,227,270
747,13,70
748,248,249
749,140,165
750,228,292
751,9,44
752,641,657
753,554,562
754,222,257
755,619,666
756,230,298
757,16,46
758,320,376
759,348,359
760,244,256
761,456,459
762,723,518
763,702,489
764,342,398
765,113,122
766,549,599
767,18,35
768,552,568
769,316,382
770,351,374
771,173,185
772,521,592
773,62,74
774,605,668
775,280,288
776,659,671
777,315,340
778,134,137
779,405,408
780,412,444
781,407,435
782,464,492
783,319,380
784,718,211
785,358,400
786,10,66
787,717,613
788,231,259
789,516,570
790,752,622
791,705,191
792,438,471
793,528,544
794,106,177
795,732,708
796,217,296
797,553,559
798,103,148
799,114,144
800,182,200
801,737,183
802,522,582
803,133,155
804,223,240
805,628,690
806,747,57
807,383,393
808,724,48
809,725,417
810,563,572
811,266,272
812,424,488
813,251,275
814,63,98
815,656,683
816,88,95
817,309,386
818,120,192
819,146,168
820,756,267
821,566,574
822,152,160
823,429,447
824,241,243
825,603,688
826,623,654
827,755,618
828,305,395
829,746,294
830,527,594
831,814,23
832,158,181
833,8,71
834,28,29
835,764,387
836,759,323
837,307,364
838,546,565
839,716,639
840,403,476
841,12,17
842,673,700
843,91,99
844,625,689
845,517,535
846,742,555
847,545,581
848,703,293
849,631,648
850,128,172
851,350,394
852,750,712
853,401,446
854,419,468
855,691,694
856,739,462
857,567,584
858,414,487
859,822,153
860,794,198
861,3,81
862,751,729
863,361,373
864,774,714
865,484,498
866,224,274
867,855,604
868,795,753
869,411,458
870,467,478
871,609,697
872,32,84
873,303,321
874,422,474
875,643,653
876,213,295
877,749,149
878,370,390
879,118,138
880,720,439
881,203,260
882,302,378
883,711,434
884,785,741
885,807,349
886,116,162
887,782,437
888,67,76
889,505,558
890,453,472
891,748,731
892,762,578
893,825,727
894,503,589
895,534,595
896,765,109
897,325,326
898,770,713
899,793,542
900,475,493
901,143,196
902,43,87
903,107,124
904,449,454
905,740,285
906,815,684
907,514,540
908,734,265
909,473,494
910,5,33
911,760,226
912,252,278
913,170,186
914,806,738
915,787,664
916,837,769
917,509,593
918,51,61
919,890,763
920,529,573
921,801,743
922,11,19
923,610,663
924,839,726
925,835,304
926,784,253
927,115,159
928,897,301
929,147,171
930,372,381
931,842,686
932,640,674
933,859,151
934,830,580
935,833,808
936,520,583
937,745,404
938,832,803
939,836,367
940,876,276
941,848,299
942,306,312
943,901,145
944,883,470
945,777,330
946,789,744
947,105,135
948,854,463
949,235,287
950,790,655
951,908,891
952,636,699
953,612,695
954,40,58
955,831,83
956,924,633
957,1,14
958,880,809
959,786,60
960,779,409
961,451,499
962,707,341
963,868,772
964,410,443
965,845,586
966,895,802
967,865,812
968,915,692
969,864,735
970,548,551
971,829,291
972,150,193
973,914,767
974,117,166
975,804,205
976,820,283
977,384,385
978,798,161
979,879,141
980,531,596
981,757,26
982,926,824
983,850,188
984,119,130
985,796,722
986,571,575
987,834,53
988,169,180
989,634,637
990,761,704
991,921,199
992,878,333
993,817,337
994,775,245
995,949,269
996,877,719
997,645,649
998,919,436
999,781,415
1000,427,495
1001,989,923
1002,754,242
1003,905,279
1004,338,354
1005,201,212
1006,72,82
1007,37,42
1008,638,651
1009,849,601
1010,936,797
1011,314,389
1012,828,334
1013,826,624
1014,884,377
1015,861,841
1016,50,94
1017,920,577
1018,962,310
1019,974,101
1020,971,247
1021,964,452
1022,903,102
1023,818,800
1024,922,733
1025,991,913
1026,246,300
1027,209,220
1028,931,893
1029,34,59
1030,896,176
1031,811,250
1032,317,392
1033,956,602
1034,783,318
1035,788,225
1036,955,30
1037,857,576
1038,311,360
1039,356,397
1040,523,538
1041,870,455
1042,507,533
1043,906,620
1044,997,950
1045,426,430
1046,450,482
1047,902,25
1048,900,840
1049,982,866
1050,984,184
1051,501,519
1052,947,860
1053,448,480
1054,968,679
1055,799,778
1056,938,791
1057,843,38
1058,1031,975
1059,937,887
1060,1000,960
1061,1036,918
1062,233,286
1063,958,477
1064,969,867
1065,647,652
1066,1012,863
1067,1018,916
1068,838,550
1069,425,428
1070,52,97
1071,986,934
1072,728,6
1073,606,646
1074,1023,189
1075,308,375
1076,892,585
1077,1024,935
1078,780,432
1079,22,27
1080,1020,282
1081,339,343
1082,1013,776
1083,204,273
1084,1044,721
1085,1035,912
1086,1037,963
1087,440,465
1088,1022,819
1089,932,871
1090,357,362
1091,1006,888
1092,894,736
1093,332,336
1094,904,823
1095,1015,973
1096,1055,108
1097,1067,885
1098,928,925
1099,948,858
1100,1076,766
1101,1028,676
1102,706,194
1103,957,862
1104,977,366
1105,525,564
1106,1086,541
1107,1025,174
1108,852,237
1109,966,547
1110,998,874
1111,1017,846
1112,621,687
1113,1060,909
1114,607,669
1115,1039,346
1116,1043,696
1117,1064,1009
1118,1005,1003
1119,1016,64
1120,642,675
1121,1065,953
1122,1030,132
1123,1074,1056
1124,899,524
1125,911,239
1126,873,758
1127,988,943
1128,980,965
1129,1054,661
1130,1098,1097
1131,121,190
1132,981,959
1133,1078,856
1134,1120,1001
1135,1007,21
1136,677,678
1137,1010,917
1138,7,80
1139,979,157
1140,898,851
1141,993,882
1142,985,255
1143,946,513
1144,1072,1061
1145,1082,875
1146,54,78
1147,1053,500
1148,1077,987
1149,1033,627
1150,996,139
1151,942,329
1152,1122,933
1153,402,466
1154,951,264
1155,1106,907
1156,1102,978
1157,967,457
1158,1047,69
1159,1038,930
1160,328,345
1161,944,406
1162,976,813
1163,1154,258
1164,1132,910
1165,1110,1059
1166,1100,889
1167,1117,1101
1168,1063,869
1169,1107,125
1170,1112,844
1171,1124,810
1172,999,460
1173,68,96
1174,768,510
1175,1126,939
1176,1069,990
1177,1091,20
1178,881,263
1179,1116,952
1180,853,433
1181,1099,486
1182,1146,75
1183,1123,983
1184,1080,236
1185,1130,1014
1186,1142,1108
1187,202,221
1188,1052,929
1189,1049,1002
1190,1118,940
1191,1048,1046
1192,1071,561
1193,1050,110
1194,1155,504
1195,1058,238
1196,1109,1042
1197,1160,344
1198,1166,1040
1199,1144,872
1200,994,208
1201,322,365
1202,1168,497
1203,1083,941
1204,1103,1095
1205,771,187
1206,1070,49
1207,1149,1073
1208,1164,1135
1209,1087,961
1210,39,93
1211,1089,805
1212,1143,1068
1213,1090,1034
1214,927,886
1215,816,92
1216,77,89
1217,1153,441
1218,1183,1152
1219,1157,1021
1220,1179,1145
1221,1111,821
1222,992,335
1223,1198,536
1224,1167,608
1225,1171,1051
1226,1127,123
1227,1019,136
1228,1133,461
1229,1204,1148
1230,954,90
1231,1066,369
1232,1191,1041
1233,1189,1163
1234,1185,945
1235,1027,232
1236,1062,277
1237,1057,2
1238,1181,1161
1239,1081,371
1240,368,379
1241,1175,1159
1242,1177,1119
1243,1134,1008
1244,1169,1088
1245,1113,792
1246,1136,698
1247,1194,1128
1248,156,167
1249,1218,1214
1250,1246,1084
1251,1228,1176
1252,1085,1026
1253,1226,154
1254,1208,773
1255,1231,1011
1256,1180,1094
1257,1233,210
1258,1234,1032
1259,1205,1188
1260,1192,597
1261,1212,847
1262,1229,1199
1263,1202,1165
1264,556,587
1265,1201,1140
1266,1221,530
1267,1250,1224
1268,1104,1093
1269,1244,1150
1270,1216,1079
1271,1203,1184
1272,1240,1151
1273,1206,4
1274,635,693
1275,1252,1236
1276,1267,1243
1277,1156,127
1278,1187,1162
1279,1257,1186
1280,1248,972
1281,1139,1131
1282,1219,1172
1283,1247,1137
1284,1115,363
1285,1125,281
1286,1213,1141
1287,1190,995
1288,1223,598
1289,1263,1251
1290,1105,970
1291,1284,1258
1292,660,685
1293,1253,131
1294,543,590
1295,1170,658
1296,1217,1045
1297,1241,1075
1298,1220,1207
1299,1288,1261
1300,1174,1092
1301,1260,1225
1302,1121,827
1303,1215,24
1304,1237,1029
1305,1266,1196
1306,1279,1178
1307,1269,1249
1308,539,560
1309,1291,1255
1310,324,331
1311,1262,1230
1312,1301,1283
1313,1256,445
1314,1195,290
1315,1305,1299
1316,1270,1182
1317,1245,1147
1318,1289,1232
1319,1311,1254
1320,1265,1222
1321,1292,1114
1322,1277,1096
1323,1285,1271
1324,1238,1209
1325,1298,1276
1326,1275,206
1327,1319,1242
1328,1304,100
1329,1286,1268
1330,1307,1193
1331,1306,1287
1332,629,662
1333,1323,1314
1334,1330,1322
1335,1272,1004
1336,1274,1129
1337,1315,1312
1338,1320,1309
1339,1259,1227
1340,1333,1331
1341,1338,1297
1342,1293,1280
1343,1324,1318
1344,1327,1158
1345,1235,1200
1346,1337,1300
1347,1325,1295
1348,1329,1310
1349,1317,418
1350,1347,1336
1351,1313,1282
1352,1339,142
1353,1341,1197
1354,1344,1328
1355,1351,1343
1356,1353,1348
1357,1340,1278
1358,1352,1334
1359,1332,626
1360,1345,218
1361,1358,1281
1362,1316,1303
1363,1355,1349
1364,1350,1211
1365,1321,1302
1366,1361,1342
1367,1273,1138
1368,1362,1354
1369,1360,1357
1370,1356,399
1371,104,197
1372,1364,1359
1373,1264,512
1374,1346,1290
1375,1369,1326
1376,1239,327
1377,1368,1210
1378,1363,1296
1379,1372,1365
1380,1370,1335
1381,1373,1294
1382,1377,1367
1383,1380,1376
1384,1382,45
1385,1381,1374
1386,1384,1173
1387,1385,1308
1388,1383,396
1389,1371,1366
1390,1386,55
1391,1375,234
1392,1390,85
1393,1379,614
1394,1391,1388
1395,1387,1378
1396,1394,1389
1397,1395,1392
