701,372,381
702,342,364
703,579,600
704,511,557
705,11,56
706,644,664
707,16,41
708,459,490
709,562,568
710,506,541
711,278,286
712,378,386
713,36,40
714,425,428
715,603,637
716,213,294
717,307,355
718,502,588
719,224,243
720,456,492
721,118,141
722,416,489
723,520,528
724,615,630
725,450,482
726,616,671
727,705,88
728,652,695
729,453,485
730,12,35
731,509,593
732,111,126
733,117,166
734,710,554
735,631,687
736,654,665
737,310,376
738,618,619
739,448,480
740,211,249
741,309,358
742,120,178
743,629,632
744,256,291
745,517,519
746,545,581
747,366,385
748,212,261
749,221,250
750,86,95
751,552,572
752,724,633
753,112,151
754,707,34
755,462,479
756,405,438
757,240,290
758,704,516
759,313,351
760,718,570
761,130,191
762,512,578
763,403,463
764,521,567
765,702,341
766,125,186
767,622,656
768,103,149
769,58,90
770,514,536
771,109,122
772,424,488
773,315,398
774,401,437
775,529,573
776,152,153
777,472,478
778,766,179
779,748,229
780,409,442
781,115,182
782,725,475
783,550,565
784,353,384
785,627,655
786,10,26
787,735,663
788,515,547
789,649,667
790,203,222
791,746,582
792,669,688
793,549,555
794,537,571
795,575,594
796,522,532
797,311,360
798,765,336
799,741,361
800,44,65
801,642,647
802,422,432
803,350,374
804,763,481
805,673,686
806,467,491
807,605,657
808,138,146
809,265,296
810,219,271
811,613,692
812,214,297
813,23,84
814,711,259
815,254,262
816,496,500
817,63,72
818,46,62
819,576,596
820,50,82
821,754,727
822,367,373
823,48,59
824,133,160
825,614,675
826,759,365
827,113,176
828,524,544
829,751,531
830,31,81
831,170,175
832,333,387
833,628,690
834,821,18
835,691,694
836,736,623
837,162,183
838,317,340
839,230,275
840,713,67
841,732,167
842,610,634
843,30,79
844,5,22
845,745,599
846,407,455
847,420,464
848,242,274
849,119,173
850,717,382
851,708,498
852,785,715
853,731,709
854,354,368
855,206,225
856,806,473
857,764,734
858,791,758
859,773,347
860,624,643
861,121,190
862,701,323
863,740,220
864,20,57
865,277,293
866,33,66
867,356,383
868,132,194
869,851,774
870,421,495
871,825,651
872,755,423
873,64,94
874,150,189
875,753,181
876,237,300
877,602,696
878,794,783
879,812,284
880,760,703
881,612,641
882,78,89
883,800,27
884,308,335
885,677,678
886,17,54
887,258,280
888,761,163
889,674,697
890,680,681
891,13,70
892,742,168
893,108,135
894,507,533
895,775,569
896,325,349
897,822,799
898,28,29
899,824,781
900,836,752
901,116,140
902,37,69
903,47,83
904,796,542
905,470,494
906,778,164
907,782,493
908,144,159
909,866,15
910,872,802
911,788,546
912,815,260
913,559,583
914,743,601
915,780,756
916,826,395
917,789,645
918,357,399
919,344,345
920,106,187
921,749,202
922,902,87
923,283,298
924,706,604
925,105,198
926,413,461
927,518,551
928,648,653
929,730,25
930,205,208
931,828,723
932,716,295
933,733,101
934,863,289
935,304,328
936,139,165
937,834,786
938,158,184
939,417,477
940,809,779
941,880,858
942,841,200
943,714,447
944,737,394
945,867,334
946,827,134
947,574,591
948,720,457
949,503,538
950,888,171
951,406,476
952,228,232
953,906,831
954,805,700
955,907,739
956,227,292
957,319,332
958,458,469
959,316,377
960,270,272
961,909,71
962,869,729
963,722,436
964,505,558
965,414,486
966,391,397
967,884,375
968,772,410
969,917,726
970,433,483
971,932,268
972,801,787
973,952,940
974,621,689
975,912,790
976,881,699
977,843,91
978,465,499
979,850,348
980,429,484
981,128,143
982,238,266
983,891,750
984,8,45
985,848,255
986,845,819
987,870,427
988,252,267
989,157,185
990,823,42
991,856,439
992,9,19
993,935,784
994,951,418
995,60,74
996,804,404
997,896,326
998,719,217
999,830,1
1000,893,875
1001,857,795
1002,833,659
1003,402,468
1004,839,236
1005,835,668
1006,978,847
1007,435,454
1008,934,209
1009,443,460
1010,933,861
1011,148,180
1012,233,248
1013,898,53
1014,911,853
1015,939,777
1016,842,638
1017,949,829
1018,859,798
1019,900,676
1020,897,314
1021,263,276
1022,776,768
1023,371,388
1024,922,43
1025,129,188
1026,887,210
1027,991,962
1028,445,446
1029,877,860
1030,937,817
1031,318,346
1032,883,840
1033,662,684
1034,972,658
1035,124,127
1036,757,247
1037,945,338
1038,916,393
1039,110,137
1040,854,379
1041,21,93
1042,904,770
1043,813,4
1044,303,330
1045,908,172
1046,807,666
1047,744,253
1048,797,321
1049,530,556
1050,526,561
1051,814,231
1052,996,426
1053,999,929
1054,954,685
1055,997,312
1056,207,226
1057,285,288
1058,540,584
1059,969,698
1060,636,679
1061,878,793
1062,956,215
1063,431,451
1064,959,832
1065,986,941
1066,816,434
1067,874,123
1068,154,199
1069,2,100
1070,1030,873
1071,1029,682
1072,864,99
1073,931,501
1074,965,487
1075,849,155
1076,1014,597
1077,1061,523
1078,1034,1005
1079,811,639
1080,988,921
1081,950,899
1082,1049,762
1083,1027,963
1084,548,566
1085,1033,924
1086,161,197
1087,1018,919
1088,953,808
1089,974,871
1090,976,728
1091,981,145
1092,1047,223
1093,1020,979
1094,810,235
1095,1016,792
1096,1019,611
1097,1055,944
1098,142,147
1099,302,369
1100,1032,977
1101,844,39
1102,852,738
1103,894,508
1104,1093,1087
1105,1008,998
1106,925,136
1107,928,608
1108,1015,943
1109,1066,948
1110,960,216
1111,1073,513
1112,901,892
1113,975,973
1114,946,771
1115,942,195
1116,1076,1001
1117,553,592
1118,1012,985
1119,915,846
1120,1000,177
1121,862,322
1122,1081,1045
1123,1116,1017
1124,1035,1022
1125,617,640
1126,989,868
1127,301,352
1128,1065,947
1129,1036,281
1130,803,362
1131,1083,1052
1132,938,192
1133,1023,392
1134,1059,767
1135,890,693
1136,905,408
1137,1053,983
1138,1100,98
1139,993,747
1140,92,97
1141,1124,721
1142,994,955
1143,1089,1046
1144,1070,769
1145,889,609
1146,1096,1078
1147,1101,818
1148,273,287
1149,1134,914
1150,257,264
1151,7,80
1152,1121,1038
1153,987,411
1154,606,650
1155,1042,527
1156,910,444
1157,1128,1123
1158,1142,440
1159,1090,1054
1160,1106,1010
1161,1139,324
1162,359,400
1163,971,923
1164,1156,1108
1165,1144,961
1166,1105,1026
1167,1048,712
1168,958,452
1169,1097,389
1170,1079,1071
1171,49,52
1172,964,590
1173,1126,1075
1174,936,837
1175,1074,970
1176,1063,449
1177,903,882
1178,1119,1109
1179,879,269
1180,1115,1088
1181,1138,886
1182,1175,1131
1183,1051,855
1184,895,580
1185,131,156
1186,1113,1094
1187,1111,1077
1188,1110,1004
1189,1104,1037
1190,337,343
1191,1069,990
1192,1157,1103
1193,1165,1147
1194,1068,1067
1195,966,363
1196,169,196
1197,1180,1114
1198,1164,968
1199,1003,430
1200,1181,1137
1201,927,534
1202,876,865
1203,1132,1120
1204,1021,282
1205,1166,1118
1206,1117,577
1207,1189,1040
1208,1060,1002
1209,1192,1155
1210,1146,1095
1211,1044,967
1212,1085,885
1213,1072,61
1214,1163,1056
1215,1178,1158
1216,1064,1031
1217,1041,3
1218,1025,174
1219,539,560
1220,1133,320
1221,1210,1149
1222,661,670
1223,918,380
1224,1188,299
1225,1198,1182
1226,1058,504
1227,1209,1187
1228,1205,1179
1229,1200,1043
1230,1214,1080
1231,1207,1169
1232,1203,1122
1233,992,75
1234,984,14
1235,1201,1084
1236,510,585
1237,1229,1024
1238,1159,1102
1239,1127,306
1240,820,73
1241,1006,474
1242,1161,838
1243,1221,1143
1244,1225,1215
1245,620,646
1246,1170,683
1247,1231,1130
1248,1222,672
1249,1232,1112
1250,1233,1193
1251,1184,1082
1252,930,245
1253,1186,1129
1254,1202,1183
1255,1028,980
1256,1197,1141
1257,1162,305
1258,1243,1238
1259,1092,982
1260,1098,920
1261,1167,1099
1262,1136,471
1263,1251,543
1264,1220,1152
1265,1246,1208
1266,1009,415
1267,1250,1237
1268,1256,1249
1269,1211,957
1270,1224,204
1271,1194,1091
1272,1267,1213
1273,239,279
1274,1244,1153
1275,1253,1230
1276,1264,1242
1277,1140,38
1278,1227,913
1279,1247,1195
1280,1039,102
1281,1007,412
1282,1275,1228
1283,1278,1172
1284,1057,201
1285,1274,1241
1286,1260,1160
1287,1279,1269
1288,1234,32
1289,1212,1145
1290,1226,586
1291,1268,1173
1292,1283,1263
1293,1259,1062
1294,1287,1216
1295,1196,1086
1296,1272,1191
1297,339,390
1298,1177,51
1299,1270,1150
1300,1050,589
1301,1294,1276
1302,1218,1174
1303,1292,1206
1304,1303,1235
1305,1135,635
1306,107,114
1307,1289,1258
1308,1307,1265
1309,1252,1148
1310,1199,466
1311,1282,1254
1312,1291,1011
1313,1262,1176
1314,1248,1107
1315,1217,1013
1316,85,96
1317,1239,370
1318,1236,598
1319,1312,1286
1320,1302,1271
1321,1154,1125
1322,1296,76
1323,1313,1285
1324,1301,1261
1325,607,625
1326,1311,1293
1327,1320,1319
1328,218,246
1329,1323,1255
1330,1322,1298
1331,1324,1223
1332,1329,1168
1333,1330,1288
1334,1326,1299
1335,1304,1290
1336,1333,1315
1337,1314,1308
1338,1332,1281
1339,1331,1317
1340,1190,327
1341,1335,1300
1342,626,660
1343,1327,1295
1344,1338,926
1345,525,563
1346,1344,1310
1347,1240,995
1348,535,595
1349,1334,1204
1350,1339,329
1351,1306,1280
1352,1336,1171
1353,1350,1297
1354,1337,1321
1355,1273,241
1356,1346,1266
1357,1343,1185
1358,1345,1341
1359,1352,1347
1360,1353,1340
1361,1354,1305
1362,1349,1328
1363,1362,1309
1364,1360,1257
1365,1356,497
1366,1359,1151
1367,1357,1351
1368,1358,587
1369,1365,441
1370,1366,6
1371,1363,1355
1372,1368,1318
1373,1361,1342
1374,1372,1348
1375,1373,1325
1376,1370,1277
1377,1371,251
1378,1377,1284
1379,1374,564
1380,1376,1316
1381,1375,1245
1382,1369,419
1383,1364,331
1384,1379,1219
1385,1380,77
1386,1367,193
1387,1385,68
1388,1386,104
1389,1378,244
1390,1387,24
1391,1383,396
1392,1390,55
1393,1389,234
1394,1393,1382
1395,1391,1388
1396,1392,1384
1397,1395,1381
