301,207,262
302,10,33
303,95,99
304,32,65
305,264,295
306,17,60
307,237,300
308,121,196
309,113,165
310,301,226
311,28,151
312,134,176
313,247,254
314,63,197
315,217,276
316,205,238
317,131,168
318,107,191
319,222,249
320,23,143
321,4,38
322,22,48
323,20,66
324,284,292
325,204,290
326,246,265
327,8,46
328,64,129
329,42,189
330,74,192
331,221,252
332,309,199
333,312,14
334,318,308
335,50,174
336,54,93
337,304,147
338,306,119
339,96,118
340,29,103
341,271,273
342,111,161
343,16,155
344,330,172
345,6,90
346,224,291
347,49,146
348,57,78
349,67,142
350,335,163
351,214,219
352,212,298
353,62,84
354,27,91
355,210,243
356,15,106
357,55,125
358,203,251
359,341,206
360,321,71
361,323,200
362,127,164
363,31,87
364,77,158
365,319,218
366,324,216
367,7,148
368,334,26
369,356,322
370,144,149
371,1,94
372,231,233
373,202,241
374,76,114
375,98,181
376,305,275
377,152,159
378,177,198
379,245,272
380,40,154
381,314,139
382,135,182
383,332,328
384,261,297
385,239,278
386,116,156
387,359,242
388,358,331
389,352,235
390,227,281
391,327,109
392,354,190
393,19,185
394,380,117
395,370,104
396,333,11
397,326,234
398,126,130
399,344,70
400,167,188
401,122,170
402,343,75
403,320,25
404,340,18
405,362,120
406,347,59
407,315,313
408,69,124
409,348,5
410,355,220
411,368,195
412,406,338
413,350,317
414,253,279
415,36,179
416,402,353
417,41,83
418,101,136
419,302,194
420,13,150
421,12,24
422,336,89
423,56,80
424,3,35
425,378,137
426,390,385
427,404,329
428,383,339
429,382,73
430,381,112
431,2,171
432,377,360
433,387,282
434,364,145
435,345,61
436,342,132
437,310,215
438,337,128
439,411,44
440,367,86
441,434,79
442,240,299
443,397,366
444,431,403
445,427,160
446,416,105
447,405,153
448,401,375
449,277,293
450,97,138
451,236,270
452,115,180
453,413,357
454,426,389
455,260,274
456,425,102
457,422,9
458,394,110
459,395,30
460,386,85
461,436,82
462,379,365
463,34,58
464,307,268
465,229,255
466,392,369
467,414,285
468,363,184
469,258,263
470,418,186
471,400,393
472,432,399
473,409,45
474,430,396
475,463,391
476,51,68
477,407,388
478,449,256
479,440,374
480,456,408
481,438,100
482,423,420
483,311,108
484,473,371
485,211,250
486,450,169
487,442,437
488,448,166
489,421,187
490,140,157
491,410,283
492,325,294
493,351,269
494,441,412
495,21,43
496,461,47
497,452,141
498,479,417
499,453,303
500,477,454
501,443,376
502,178,183
503,372,201
504,349,173
505,474,72
506,460,447
507,469,451
508,462,384
509,52,123
510,497,481
511,439,361
512,455,286
513,493,485
514,223,287
515,81,193
516,458,424
517,489,446
518,508,244
519,487,465
520,503,266
521,444,429
522,517,475
523,506,428
524,490,470
525,499,472
526,467,208
527,483,415
528,480,435
529,500,316
530,521,484
531,494,466
532,501,464
533,523,457
534,433,289
535,445,419
536,507,296
537,213,230
538,516,398
539,53,162
540,504,476
541,529,478
542,518,267
543,511,488
544,486,468
545,532,491
546,527,510
547,515,37
548,536,514
549,544,509
550,530,496
551,228,232
552,543,531
553,512,257
554,533,505
555,492,346
556,546,495
557,482,471
558,534,520
559,522,498
560,373,280
561,545,541
562,526,519
563,552,528
564,225,259
565,538,459
566,547,88
567,535,39
568,557,554
569,550,525
570,567,92
571,559,540
572,524,175
573,542,513
574,556,502
575,548,288
576,562,558
577,569,563
578,575,555
579,576,561
580,560,537
581,568,539
582,565,549
583,573,553
584,572,570
585,574,566
586,580,551
587,577,571
588,587,581
589,583,579
590,589,578
591,588,584
592,209,248
593,591,582
594,593,585
595,592,590
596,595,586
597,596,564
