501,30,145
502,337,447
503,4,144
504,32,39
505,207,379
506,86,107
507,14,194
508,361,472
509,236,406
510,181,185
511,12,101
512,286,359
513,416,433
514,287,497
515,76,94
516,248,494
517,271,493
518,161,195
519,232,305
520,404,448
521,219,266
522,239,284
523,321,323
524,203,412
525,303,360
526,254,486
527,316,461
528,214,319
529,280,410
530,295,364
531,339,469
532,373,491
533,399,468
534,312,422
535,506,57
536,268,385
537,310,460
538,511,138
539,528,352
540,445,495
541,308,374
542,234,398
543,296,304
544,70,81
545,201,285
546,502,414
547,389,473
548,246,322
549,334,449
550,372,487
551,301,488
552,18,53
553,49,110
554,240,315
555,369,417
556,79,105
557,272,386
558,346,409
559,27,64
560,324,357
561,211,365
562,58,149
563,205,366
564,95,165
565,531,307
566,281,430
567,541,388
568,253,475
569,342,362
570,465,498
571,112,150
572,539,292
573,530,481
574,206,358
575,382,402
576,425,500
577,36,62
578,215,347
579,256,434
580,224,496
581,65,193
582,244,492
583,262,273
584,340,349
585,534,479
586,265,411
587,23,119
588,421,459
589,550,426
590,549,229
591,16,89
592,383,463
593,132,151
594,504,21
595,228,418
596,217,439
597,440,484
598,17,40
599,225,249
600,122,159
601,566,462
602,277,344
603,258,275
604,560,525
605,250,499
606,9,147
607,270,408
608,54,124
609,88,182
610,82,108
611,245,387
612,100,126
613,575,524
614,510,131
615,252,325
616,282,415
617,526,380
618,552,156
619,563,391
620,583,330
621,278,436
622,527,480
623,222,297
624,578,314
625,513,471
626,580,547
627,83,96
628,518,13
629,153,174
630,302,338
631,590,540
632,154,190
633,523,354
634,309,456
635,213,230
636,221,300
637,567,288
638,299,474
639,509,505
640,520,431
641,348,450
642,544,189
643,298,423
644,15,176
645,598,559
646,7,127
647,592,407
648,522,478
649,202,327
650,237,255
651,503,199
652,46,139
653,90,130
654,113,118
655,565,442
656,516,392
657,141,191
658,420,467
659,115,163
660,581,117
661,394,435
662,576,356
663,261,443
664,231,458
665,507,67
666,623,582
667,78,84
668,596,453
669,626,326
670,571,515
671,267,351
672,5,48
673,210,353
674,377,427
675,331,333
676,318,401
677,227,294
678,2,123
679,579,545
680,152,188
681,553,136
682,142,175
683,612,8
684,47,72
685,568,548
686,624,601
687,543,466
688,33,73
689,99,183
690,35,56
691,644,166
692,390,454
693,627,186
694,243,477
695,620,597
696,74,184
697,621,257
698,290,368
699,336,397
700,619,584
701,631,537
702,633,313
703,355,363
704,635,585
705,306,438
706,535,80
707,558,218
708,264,276
709,140,164
710,589,490
711,636,603
712,279,381
713,653,169
714,38,192
715,328,476
716,396,400
717,570,335
718,610,146
719,659,137
720,607,259
721,109,198
722,630,371
723,643,514
724,604,209
725,656,350
726,129,177
727,519,204
728,111,148
729,577,26
730,512,241
731,59,172
732,10,37
733,605,274
734,595,521
735,120,171
736,652,20
737,233,444
738,66,98
739,538,25
740,675,616
741,638,457
742,75,97
743,654,114
744,662,557
745,283,329
746,44,71
747,208,395
748,508,247
749,668,639
750,625,341
751,650,320
752,562,31
753,710,419
754,648,536
755,609,606
756,632,160
757,532,482
758,676,569
759,572,517
760,683,61
761,121,168
762,63,116
763,671,573
764,614,128
765,629,618
766,574,242
767,587,556
768,376,441
769,34,178
770,642,42
771,238,451
772,608,591
773,690,134
774,666,641
775,695,428
776,554,452
777,664,403
778,685,658
779,649,602
780,220,378
781,28,29
782,600,200
783,698,637
784,699,345
785,673,375
786,51,180
787,693,665
788,103,170
789,680,594
790,24,106
791,734,529
792,725,269
793,707,429
794,712,251
795,702,679
796,735,197
797,701,661
798,546,384
799,689,87
800,697,446
801,719,501
802,724,669
803,260,343
804,655,533
805,721,696
806,681,41
807,748,715
808,769,670
809,760,743
810,586,332
811,613,464
812,771,424
813,747,640
814,729,684
815,752,564
816,783,700
817,11,77
818,763,611
819,758,455
820,736,92
821,778,617
822,767,718
823,223,393
824,738,1
825,682,645
826,785,722
827,797,737
828,757,687
829,622,599
830,772,646
831,235,489
832,22,52
833,739,50
834,768,470
835,717,437
836,726,68
837,791,555
838,728,173
839,706,45
840,787,691
841,776,588
842,745,216
843,811,774
844,784,703
845,761,713
846,709,102
847,795,720
848,779,723
849,704,289
850,708,367
851,749,615
852,593,143
853,773,43
854,104,135
855,775,647
856,678,167
857,162,187
858,746,651
859,730,485
860,750,634
861,796,91
862,786,672
863,733,370
864,835,663
865,834,711
866,777,753
867,755,3
868,790,688
869,788,55
870,780,744
871,781,69
872,851,740
873,741,686
874,805,799
875,837,311
876,825,764
877,759,692
878,838,806
879,801,85
880,845,756
881,766,677
882,821,792
883,810,804
884,846,714
885,839,196
886,840,60
887,867,770
888,694,291
889,812,798
890,157,179
891,836,830
892,789,782
893,853,820
894,816,800
895,762,660
896,809,765
897,826,754
898,859,751
899,863,542
900,857,125
901,860,802
902,870,818
903,794,212
904,862,628
905,727,405
906,865,842
907,829,828
908,861,731
909,871,93
910,858,815
911,841,807
912,866,847
913,855,848
914,878,155
915,843,813
916,824,667
917,849,827
918,561,432
919,889,716
920,879,822
921,869,817
922,868,158
923,884,814
924,892,874
925,844,793
926,909,742
927,674,413
928,886,880
929,900,133
930,888,864
931,901,877
932,904,833
933,891,887
934,850,831
935,902,894
936,907,872
937,910,657
938,905,551
939,899,819
940,893,808
941,903,705
942,895,852
943,917,897
944,898,883
945,882,875
946,915,873
947,929,19
948,914,908
949,924,885
950,920,896
951,906,881
952,854,6
953,890,856
954,927,911
955,925,913
956,937,923
957,918,226
958,934,803
959,946,912
960,936,930
961,926,916
962,941,919
963,940,876
964,932,928
965,945,943
966,955,931
967,823,317
968,950,933
969,948,922
970,951,944
971,957,939
972,961,942
973,959,935
974,958,938
975,263,293
976,956,921
977,962,954
978,952,832
979,953,947
980,968,949
981,964,963
982,966,965
983,972,969
984,973,960
985,974,970
986,977,971
987,981,976
988,979,732
989,975,483
990,983,978
991,984,982
992,987,980
993,986,967
994,989,985
995,994,991
996,992,990
997,995,993
