501,228,278
502,118,147
503,113,153
504,137,139
505,16,86
506,13,85
507,281,295
508,355,377
509,206,231
510,126,142
511,422,493
512,430,481
513,309,312
514,237,255
515,28,91
516,73,74
517,267,291
518,112,138
519,462,486
520,111,197
521,321,352
522,243,264
523,105,168
524,109,119
525,451,456
526,127,180
527,473,491
528,320,349
529,167,179
530,42,70
531,381,396
532,306,363
533,146,150
534,29,52
535,505,8
536,477,482
537,229,284
538,502,164
539,418,438
540,136,145
541,334,368
542,345,387
543,30,46
544,5,14
545,504,151
546,331,335
547,2,11
548,201,289
549,409,447
550,315,369
551,517,514
552,9,32
553,67,71
554,169,190
555,516,7
556,506,89
557,149,185
558,83,90
559,459,494
560,325,354
561,202,214
562,230,254
563,440,458
564,507,207
565,513,388
566,501,287
567,472,499
568,523,510
569,302,319
570,101,121
571,64,99
572,406,453
573,27,35
574,239,277
575,531,397
576,518,174
577,450,478
578,258,269
579,313,344
580,340,373
581,61,65
582,333,346
583,435,454
584,429,436
585,23,51
586,148,184
587,417,442
588,223,279
589,129,161
590,509,246
591,115,143
592,566,268
593,156,178
594,203,286
595,224,280
596,270,294
597,563,465
598,542,364
599,539,455
600,403,461
601,308,371
602,553,60
603,88,98
604,593,540
605,554,533
606,414,460
607,526,183
608,10,37
609,343,399
610,217,299
611,225,252
612,541,303
613,248,297
614,564,288
615,244,245
616,216,221
617,17,76
618,22,69
619,175,198
620,108,152
621,282,298
622,326,400
623,322,350
624,535,530
625,428,467
626,437,464
627,577,527
628,25,43
629,490,500
630,520,189
631,219,259
632,122,196
633,128,200
634,432,445
635,614,266
636,240,247
637,545,117
638,261,272
639,140,192
640,547,19
641,512,457
642,311,316
643,53,59
644,336,394
645,558,82
646,571,555
647,307,359
648,339,366
649,602,544
650,466,492
651,511,468
652,590,548
653,410,463
654,222,283
655,45,100
656,433,443
657,310,337
658,525,434
659,653,475
660,592,215
661,515,1
662,575,521
663,646,617
664,579,550
665,3,31
666,626,469
667,551,265
668,565,361
669,556,47
670,612,327
671,157,181
672,546,390
673,524,125
674,444,446
675,476,487
676,650,572
677,624,56
678,586,172
679,532,398
680,635,233
681,427,439
682,379,380
683,570,103
684,537,238
685,107,158
686,667,208
687,610,595
688,658,549
689,578,235
690,110,131
691,662,508
692,220,290
693,543,4
694,637,155
695,604,176
696,605,195
697,582,560
698,18,84
699,660,262
700,212,234
701,633,607
702,114,182
703,362,393
704,431,449
705,419,470
706,628,573
707,528,356
708,625,498
709,209,273
710,36,62
711,609,382
712,338,357
713,552,33
714,576,538
715,330,384
716,673,589
717,559,415
718,522,213
719,594,241
720,638,227
721,561,296
722,402,495
723,503,186
724,160,177
725,629,401
726,611,218
727,674,408
728,585,80
729,583,536
730,689,253
731,641,587
732,606,567
733,21,57
734,596,249
735,251,257
736,664,623
737,670,317
738,416,496
739,680,652
740,657,360
741,715,569
742,529,102
743,374,385
744,668,622
745,304,395
746,661,655
747,666,651
748,204,242
749,634,519
750,591,166
751,708,471
752,72,94
753,694,120
754,645,92
755,568,134
756,700,250
757,728,663
758,413,484
759,618,581
760,649,640
761,703,679
762,676,600
763,686,292
764,721,285
765,55,96
766,34,48
767,698,534
768,709,562
769,580,383
770,691,323
771,671,163
772,693,40
773,678,620
774,648,642
775,644,348
776,677,603
777,712,341
778,696,695
779,684,574
780,681,425
781,699,615
782,557,123
783,714,683
784,725,584
785,685,630
786,751,627
787,750,171
788,608,26
789,351,391
790,687,260
791,697,328
792,760,669
793,598,301
794,719,263
795,744,737
796,704,599
797,733,97
798,731,421
799,776,63
800,770,707
801,692,211
802,753,701
803,739,654
804,711,672
805,749,732
806,781,621
807,740,314
808,756,588
809,424,474
810,78,87
811,643,79
812,659,448
813,789,647
814,759,746
815,790,779
816,778,639
817,777,761
818,792,757
819,803,763
820,24,38
821,452,479
822,370,375
823,745,392
824,730,613
825,795,736
826,784,729
827,723,619
828,713,706
829,764,720
830,106,173
831,727,688
832,41,75
833,768,616
834,717,597
835,791,378
836,783,159
837,722,705
838,743,342
839,819,806
840,735,718
841,232,275
842,787,771
843,15,20
844,775,682
845,816,755
846,636,210
847,675,420
848,811,754
849,690,132
850,822,347
851,632,199
852,828,665
853,814,799
854,802,782
855,786,762
856,808,226
857,836,742
858,845,716
859,405,412
860,818,772
861,353,365
862,826,485
863,829,726
864,656,423
865,748,734
866,773,724
867,844,386
868,785,154
869,236,256
870,843,710
871,631,271
872,835,774
873,825,800
874,837,480
875,54,68
876,854,827
877,831,780
878,765,44
879,862,796
880,788,752
881,870,860
882,812,805
883,332,376
884,853,66
885,162,165
886,863,824
887,798,747
888,807,793
889,855,758
890,872,813
891,738,441
892,852,797
893,889,834
894,830,116
895,851,104
896,141,191
897,769,329
898,873,867
899,839,815
900,12,50
901,868,842
902,899,886
903,858,857
904,876,866
905,888,817
906,887,879
907,884,881
908,305,358
909,848,58
910,898,838
911,833,300
912,903,702
913,901,144
914,907,892
915,906,859
916,846,801
917,804,324
918,910,905
919,741,601
920,849,194
921,912,904
922,767,6
923,911,902
924,483,489
925,893,874
926,915,882
927,923,856
928,878,81
929,810,39
930,918,890
931,921,913
932,865,794
933,926,877
934,840,293
935,909,766
936,917,897
937,933,925
938,188,193
939,935,914
940,916,871
941,940,927
942,936,930
943,919,372
944,880,875
945,77,95
946,941,932
947,939,928
948,864,847
949,908,823
950,934,276
951,943,942
952,895,894
953,947,900
954,953,922
955,937,809
956,124,130
957,950,946
958,931,920
959,955,948
960,954,929
961,850,367
962,958,952
963,869,205
964,959,821
965,951,949
966,133,187
967,960,820
968,426,488
969,967,944
970,962,938
971,965,961
972,964,891
973,970,896
974,969,945
975,957,841
976,971,883
977,975,963
978,973,885
979,976,861
980,974,832
981,404,411
982,978,956
983,979,318
984,982,135
985,981,972
986,980,49
987,977,274
988,985,968
989,984,966
990,983,389
991,988,924
992,991,407
993,986,93
994,992,497
995,989,170
996,995,987
997,993,990
