501,24,73
502,173,197
503,83,96
504,219,266
505,502,171
506,121,190
507,422,478
508,108,156
509,334,338
510,436,490
511,45,86
512,231,270
513,1,66
514,152,159
515,463,493
516,449,495
517,446,464
518,336,384
519,308,378
520,249,252
521,28,84
522,160,194
523,268,284
524,5,12
525,465,466
526,113,153
527,507,445
528,105,142
529,360,390
530,222,278
531,57,70
532,207,299
533,347,354
534,435,475
535,506,169
536,233,246
537,285,288
538,416,428
539,302,319
540,402,458
541,210,230
542,4,26
543,514,184
544,32,74
545,20,56
546,528,126
547,516,456
548,64,79
549,509,350
550,505,155
551,320,359
552,437,469
553,310,380
554,544,80
555,43,82
556,245,272
557,154,195
558,512,297
559,241,258
560,49,91
561,549,309
562,325,333
563,311,369
564,547,471
565,353,389
566,538,407
567,3,23
568,409,424
569,146,163
570,329,399
571,176,180
572,406,491
573,112,138
574,337,397
575,62,67
576,114,119
577,174,189
578,349,388
579,242,260
580,25,76
581,48,92
582,477,482
583,532,296
584,205,220
585,39,81
586,161,166
587,374,386
588,548,35
589,541,269
590,202,277
591,265,291
592,71,90
593,15,60
594,569,526
595,116,143
596,78,98
597,65,69
598,131,185
599,262,273
600,520,215
601,229,239
602,527,444
603,503,36
604,371,392
605,106,109
606,372,391
607,550,151
608,137,147
609,419,480
610,124,196
611,363,400
612,561,312
613,115,150
614,7,85
615,423,433
616,556,201
617,511,8
618,562,533
619,567,16
620,545,524
621,313,368
622,101,128
623,236,244
624,612,322
625,122,172
626,504,259
627,523,289
628,167,179
629,227,300
630,408,410
631,440,473
632,381,396
633,317,365
634,608,181
635,342,377
636,610,543
637,582,431
638,434,487
639,447,451
640,31,38
641,559,275
642,576,129
643,41,75
644,572,540
645,183,200
646,530,228
647,531,87
648,53,99
649,140,192
650,27,88
651,519,395
652,563,394
653,344,385
654,553,529
655,634,508
656,617,554
657,534,420
658,364,387
659,591,583
660,208,290
661,570,358
662,631,566
663,61,68
664,642,546
665,103,144
666,145,175
667,401,476
668,616,295
669,605,120
670,517,474
671,602,515
672,535,102
673,430,462
674,306,315
675,521,22
676,590,238
677,568,438
678,558,203
679,624,604
680,609,525
681,9,100
682,579,294
683,425,450
684,574,352
685,18,21
686,595,158
687,492,498
688,601,599
689,427,455
690,580,555
691,618,316
692,254,280
693,123,164
694,139,178
695,597,560
696,204,206
697,592,13
698,622,557
699,630,510
700,606,578
701,314,321
702,326,375
703,501,42
704,632,327
705,224,287
706,403,461
707,657,564
708,542,77
709,596,93
710,518,330
711,577,182
712,651,382
713,468,485
714,623,217
715,551,376
716,225,281
717,571,130
718,345,383
719,221,283
720,413,459
721,625,193
722,127,134
723,457,481
724,670,453
725,629,261
726,593,44
727,411,442
728,703,585
729,587,373
730,603,14
731,351,366
732,686,132
733,644,448
734,636,118
735,685,647
736,584,267
737,34,95
738,626,213
739,615,417
740,223,226
741,627,589
742,715,335
743,614,588
744,30,94
745,694,655
746,620,575
747,679,653
748,652,621
749,439,470
750,251,271
751,732,136
752,633,393
753,708,640
754,111,117
755,665,522
756,718,539
757,405,489
758,346,355
759,699,638
760,662,414
761,649,186
762,671,500
763,467,497
764,607,198
765,125,187
766,40,46
767,729,658
768,646,600
769,711,177
770,666,573
771,717,191
772,734,148
773,279,298
774,676,218
775,698,613
776,211,240
777,243,264
778,339,343
779,675,513
780,656,619
781,714,537
782,762,460
783,738,716
784,760,494
785,692,253
786,237,255
787,693,157
788,47,50
789,706,680
790,303,340
791,770,745
792,696,682
793,552,443
794,744,17
795,737,581
796,212,250
797,748,323
798,234,274
799,479,486
800,739,639
801,741,668
802,730,72
803,667,429
804,432,499
805,678,282
806,733,687
807,209,214
808,328,361
809,755,586
810,775,672
811,650,33
812,565,357
813,29,63
814,690,648
815,702,700
816,815,654
817,793,724
818,743,735
819,304,332
820,805,286
821,664,168
822,712,331
823,750,247
824,659,235
825,705,688
826,6,52
827,348,356
828,674,635
829,788,51
830,769,107
831,677,421
832,746,726
833,797,747
834,645,110
835,792,641
836,780,89
837,766,663
838,10,37
839,749,637
840,778,661
841,803,452
842,742,691
843,771,598
844,781,768
845,800,707
846,536,248
847,818,728
848,758,704
849,828,611
850,806,683
851,669,594
852,736,660
853,759,713
854,804,689
855,790,341
856,753,697
857,787,133
858,723,454
859,825,801
860,839,789
861,757,727
862,834,751
863,752,362
864,847,811
865,772,721
866,807,256
867,842,701
868,853,673
869,784,720
870,824,786
871,859,774
872,820,783
873,821,722
874,779,695
875,848,684
876,782,472
877,763,496
878,844,785
879,764,188
880,141,170
881,843,165
882,822,307
883,873,810
884,767,756
885,2,11
886,857,761
887,819,379
888,802,794
889,812,324
890,418,484
891,833,731
892,851,791
893,864,836
894,849,398
895,868,817
896,263,293
897,777,276
898,892,879
899,885,832
900,884,710
901,856,814
902,830,754
903,881,149
904,891,855
905,837,54
906,823,776
907,719,216
908,845,831
909,796,773
910,901,795
911,840,305
912,889,882
913,850,441
914,858,799
915,870,852
916,878,871
917,816,808
918,899,681
919,894,863
920,874,813
921,917,875
922,872,835
923,906,292
924,904,887
925,886,628
926,895,876
927,883,809
928,869,854
929,907,896
930,827,367
931,920,826
932,846,725
933,918,829
934,909,740
935,897,232
936,104,135
937,838,19
938,910,893
939,914,412
940,898,865
941,921,867
942,913,860
943,905,97
944,890,426
945,709,59
946,922,915
947,866,798
948,925,162
949,927,902
950,928,908
951,912,911
952,943,888
953,926,404
954,948,903
955,938,933
956,946,916
957,951,924
958,939,861
959,900,318
960,953,942
961,880,765
962,949,940
963,960,950
964,945,931
965,934,923
966,956,932
967,957,941
968,877,415
969,962,862
970,959,930
971,955,952
972,966,929
973,969,954
974,937,58
975,967,919
976,971,964
977,963,841
978,944,488
979,975,970
980,972,947
981,977,958
982,980,965
983,973,199
984,983,936
985,976,55
986,981,968
987,984,961
988,979,301
989,985,643
990,989,974
991,982,257
992,986,978
993,991,935
994,988,370
995,992,483
996,994,990
997,995,993
