301,201,207
302,284,292
303,240,252
304,111,135
305,160,189
306,47,55
307,236,263
308,251,275
309,16,44
310,114,188
311,213,230
312,127,131
313,235,276
314,152,170
315,158,191
316,268,295
317,223,294
318,302,220
319,113,168
320,4,85
321,266,289
322,205,246
323,26,91
324,167,185
325,56,83
326,258,283
327,122,190
328,206,242
329,50,95
330,35,40
331,217,218
332,264,273
333,136,157
334,314,119
335,321,300
336,59,94
337,73,82
338,38,64
339,105,187
340,54,72
341,318,278
342,227,293
343,101,161
344,310,156
345,332,322
346,320,75
347,31,52
348,172,174
349,107,166
350,112,199
351,15,25
352,312,163
353,311,214
354,244,286
355,34,84
356,115,128
357,79,90
358,212,262
359,265,299
360,162,197
361,154,182
362,304,103
363,14,33
364,250,261
365,239,277
366,341,308
367,256,285
368,257,260
369,109,146
370,221,298
371,21,36
372,315,195
373,327,171
374,6,22
375,20,49
376,313,203
377,309,46
378,23,27
379,147,177
380,340,63
381,43,66
382,8,81
383,11,42
384,360,120
385,67,86
386,51,88
387,352,121
388,353,267
389,7,68
390,334,143
391,379,130
392,41,70
393,342,216
394,319,176
395,241,270
396,210,219
397,178,180
398,335,226
399,48,99
400,301,238
401,356,144
402,336,30
403,344,153
404,372,155
405,338,24
406,317,316
407,349,164
408,362,305
409,382,28
410,390,117
411,137,145
412,346,325
413,9,80
414,159,198
415,364,272
416,224,290
417,380,93
418,60,87
419,387,132
420,375,374
421,165,194
422,363,17
423,407,134
424,393,255
425,229,234
426,357,330
427,5,18
428,366,253
429,104,106
430,307,271
431,133,193
432,373,181
433,413,13
434,419,348
435,329,76
436,326,269
437,394,384
438,403,324
439,401,183
440,386,371
441,331,254
442,77,89
443,427,337
444,415,376
445,388,297
446,108,179
447,378,306
448,409,377
449,405,323
450,396,243
451,400,204
452,102,110
453,19,96
454,432,125
455,140,184
456,429,391
457,350,116
458,369,339
459,367,354
460,345,247
461,129,148
462,445,245
463,398,303
464,421,118
465,231,248
466,355,37
467,328,209
468,126,149
469,428,358
470,225,274
471,435,399
472,420,412
473,411,123
474,29,39
475,416,406
476,463,370
477,438,139
478,361,343
479,1,3
480,395,296
481,408,186
482,426,402
483,457,434
484,422,10
485,460,444
486,461,452
487,469,451
488,359,208
489,347,45
490,441,430
491,475,424
492,433,417
493,404,196
494,448,65
495,381,57
496,494,472
497,483,477
498,351,2
499,481,410
500,480,287
501,493,464
502,442,12
503,497,458
504,92,97
505,446,397
506,443,383
507,222,249
508,489,447
509,491,436
510,466,389
511,385,98
512,333,175
513,279,282
514,488,450
515,487,476
516,150,192
517,499,169
518,32,69
519,478,437
520,440,58
521,506,471
522,492,484
523,418,74
524,500,462
525,482,100
526,468,454
527,519,501
528,515,485
529,496,495
530,456,200
531,503,423
532,498,392
533,228,232
534,510,449
535,368,259
536,523,508
537,509,237
538,288,291
539,490,467
540,465,425
541,525,502
542,439,124
543,518,61
544,531,517
545,526,455
546,521,453
547,470,281
548,514,507
549,533,280
550,529,520
551,537,528
552,535,365
553,544,527
554,546,541
555,545,473
556,505,431
557,550,534
558,141,151
559,551,539
560,554,536
561,511,62
562,522,474
563,559,459
564,560,557
565,555,138
566,547,524
567,563,548
568,142,173
569,552,513
570,553,516
571,211,233
572,562,532
573,558,530
574,567,566
575,540,215
576,504,78
577,570,565
578,556,486
579,564,561
580,543,479
581,579,572
582,574,538
583,582,575
584,577,573
585,584,542
586,583,569
587,581,580
588,585,578
589,549,202
590,588,568
591,590,512
592,587,576
593,586,571
594,593,589
595,591,414
596,592,53
597,596,71
