301,78,100
302,141,154
303,46,174
304,24,194
305,264,295
306,34,193
307,55,192
308,45,169
309,28,151
310,227,281
311,207,262
312,308,147
313,135,157
314,17,136
315,62,84
316,48,132
317,221,278
318,210,243
319,279,299
320,21,171
321,50,75
322,82,91
323,301,1
324,211,249
325,309,182
326,239,260
327,261,297
328,306,190
329,121,161
330,37,166
331,265,275
332,16,74
333,270,277
334,206,285
335,64,113
336,107,196
337,323,198
338,92,152
339,318,298
340,6,65
341,5,158
342,4,103
343,25,60
344,316,23
345,10,70
346,122,159
347,220,223
348,215,271
349,330,99
350,38,131
351,216,290
352,246,294
353,236,293
354,33,105
355,40,178
356,63,96
357,322,191
358,88,125
359,333,327
360,218,258
361,26,27
362,36,110
363,229,273
364,244,250
365,342,304
366,139,156
367,254,274
368,329,111
369,331,317
370,346,163
371,73,94
372,345,321
373,338,181
374,204,300
375,2,20
376,114,127
377,51,148
378,112,199
379,222,296
380,76,89
381,160,187
382,320,43
383,59,143
384,205,284
385,266,289
386,337,124
387,90,179
388,83,164
389,7,42
390,175,184
391,326,305
392,22,186
393,314,49
394,95,189
395,340,32
396,332,109
397,363,311
398,47,170
399,234,268
400,350,168
401,11,173
402,344,106
403,86,93
404,386,341
405,185,188
406,302,180
407,375,66
408,134,176
409,9,54
410,339,276
411,77,108
412,372,354
413,352,224
414,393,343
415,383,101
416,384,292
417,87,149
418,315,8
419,369,203
420,235,247
421,394,349
422,398,81
423,35,144
424,399,291
425,15,200
426,68,72
427,119,146
428,355,138
429,58,195
430,356,39
431,133,167
432,362,61
433,378,129
434,153,165
435,371,137
436,14,118
437,409,380
438,370,98
439,387,128
440,57,177
441,365,18
442,374,237
443,245,269
444,230,280
445,395,145
446,358,155
447,418,303
448,120,142
449,403,377
450,415,392
451,360,288
452,430,197
453,411,313
454,116,150
455,373,71
456,233,248
457,361,328
458,417,3
459,241,267
460,406,30
461,219,272
462,379,324
463,381,12
464,416,238
465,433,67
466,376,41
467,240,253
468,432,115
469,414,69
470,348,226
471,400,29
472,357,336
473,431,19
474,402,44
475,427,102
476,353,256
477,367,310
478,440,79
479,455,441
480,334,225
481,242,282
482,366,56
483,319,255
484,419,252
485,443,214
486,359,263
487,422,396
488,446,307
489,453,404
490,435,325
491,347,212
492,457,429
493,434,335
494,454,401
495,410,217
496,451,364
497,126,130
498,257,283
499,426,388
500,464,351
501,445,140
502,465,85
503,413,251
504,482,408
505,97,117
506,423,390
507,439,312
508,425,407
509,458,104
510,450,382
511,463,421
512,476,286
513,472,368
514,475,469
515,477,420
516,488,172
517,478,183
518,467,259
519,487,412
520,447,438
521,460,428
522,495,491
523,470,397
524,385,201
525,452,436
526,497,52
527,493,448
528,449,389
529,479,471
530,499,466
531,484,391
532,510,474
533,507,501
534,486,287
535,494,80
536,523,481
537,513,492
538,512,498
539,517,489
540,473,405
541,518,442
542,525,502
543,506,505
544,456,231
545,531,503
546,526,31
547,535,504
548,519,516
549,485,461
550,528,511
551,529,520
552,539,490
553,500,424
554,522,515
555,536,480
556,537,508
557,521,468
558,459,202
559,496,462
560,532,514
561,530,437
562,540,13
563,542,527
564,543,509
565,228,232
566,541,483
567,546,123
568,538,534
569,551,548
570,524,208
571,557,533
572,566,553
573,554,545
574,563,547
575,559,549
576,561,550
577,560,556
578,558,213
579,567,564
580,570,544
581,562,162
582,571,552
583,572,555
584,575,568
585,576,569
586,581,574
587,582,577
588,578,444
589,583,573
590,586,585
591,587,579
592,588,584
593,589,580
594,593,592
595,591,590
596,595,53
597,594,209
