301,131,168
302,23,143
303,217,276
304,14,176
305,165,199
306,20,66
307,96,129
308,98,181
309,216,292
310,210,243
311,8,46
312,4,71
313,191,196
314,224,291
315,91,106
316,163,174
317,16,75
318,29,160
319,305,113
320,126,130
321,34,109
322,11,134
323,204,290
324,40,154
325,19,188
326,26,107
327,264,295
328,246,275
329,1,79
330,190,195
331,101,136
332,55,74
333,85,120
334,59,119
335,17,137
336,89,127
337,24,84
338,318,189
339,63,139
340,145,158
341,27,172
342,221,252
343,36,179
344,313,121
345,316,50
346,222,272
347,115,180
348,57,182
349,227,239
350,203,254
351,77,146
352,69,200
353,22,171
354,301,99
355,38,159
356,345,332
357,327,220
358,48,49
359,242,271
360,250,277
361,258,263
362,28,151
363,41,148
364,104,144
365,51,68
366,309,265
367,331,186
368,342,247
369,72,112
370,237,268
371,284,299
372,3,31
373,260,274
374,9,93
375,336,166
376,73,135
377,214,219
378,333,153
379,205,253
380,212,256
381,35,117
382,308,105
383,218,245
384,206,282
385,329,45
386,67,173
387,82,161
388,337,311
389,310,283
390,65,100
391,330,326
392,83,142
393,13,80
394,278,298
395,70,152
396,2,25
397,339,304
398,328,251
399,335,44
400,201,231
401,340,60
402,116,167
403,302,78
404,177,198
405,378,156
406,358,15
407,64,164
408,128,147
409,349,238
410,21,43
411,18,47
412,42,194
413,391,122
414,262,266
415,362,32
416,396,94
417,368,281
418,223,236
419,366,350
420,12,155
421,303,235
422,393,150
423,344,306
424,381,324
425,375,76
426,87,184
427,389,293
428,383,267
429,399,351
430,317,62
431,361,296
432,353,341
433,170,192
434,321,187
435,33,103
436,346,244
437,395,125
438,398,357
439,255,279
440,356,355
441,403,376
442,229,240
443,417,380
444,429,406
445,273,289
446,382,312
447,364,90
448,397,197
449,394,379
450,436,297
451,369,319
452,322,118
453,430,86
454,444,385
455,441,111
456,419,234
457,347,141
458,348,132
459,404,352
460,372,320
461,405,54
462,370,294
463,425,114
464,440,95
465,338,10
466,413,315
467,359,207
468,456,427
469,438,371
470,390,124
471,411,354
472,37,193
473,402,325
474,97,123
475,213,230
476,470,30
477,401,5
478,463,446
479,450,261
480,434,410
481,416,387
482,157,175
483,431,418
484,343,178
485,215,226
486,414,233
487,453,58
488,447,408
489,461,422
490,437,374
491,421,409
492,488,61
493,484,108
494,454,334
495,388,81
496,477,432
497,452,407
498,495,480
499,490,433
500,162,185
501,420,7
502,483,270
503,424,6
504,466,464
505,445,400
506,449,442
507,496,423
508,471,451
509,469,462
510,491,468
511,373,257
512,415,183
513,435,367
514,241,280
515,323,314
516,448,39
517,500,473
518,428,377
519,443,211
520,503,426
521,479,360
522,102,110
523,52,140
524,494,455
525,392,386
526,493,457
527,499,481
528,506,208
529,497,56
530,507,504
531,467,384
532,501,365
533,485,285
534,516,508
535,486,300
536,363,307
537,225,259
538,527,465
539,519,286
540,458,138
541,249,269
542,518,475
543,540,523
544,522,476
545,524,520
546,498,487
547,517,489
548,528,509
549,459,149
550,535,533
551,505,248
552,228,232
553,530,478
554,474,169
555,546,525
556,492,460
557,515,502
558,513,482
559,548,510
560,547,534
561,542,521
562,549,512
563,537,511
564,553,545
565,529,53
566,559,531
567,472,133
568,562,556
569,202,288
570,558,538
571,550,539
572,543,412
573,555,532
574,552,514
575,565,560
576,566,557
577,544,526
578,572,564
579,576,551
580,570,554
581,541,439
582,573,567
583,578,575
584,579,561
585,582,577
586,580,536
587,586,583
588,581,563
589,584,571
590,585,568
591,590,88
592,591,587
593,574,569
594,589,588
595,594,593
596,595,209
597,596,287
